0 0
-32768 -32768
-32608 -32608
-32448 -32448
-32288 -32288
-32128 -32128
-31968 -31968
-31808 -31808
-31648 -31648
-31488 -31488
-31328 -31328
-31168 -31168
-31008 -31008
-30848 -30848
-30688 -30688
-30528 -30528
-30368 -30368
-30208 -30208
-30048 -30048
-29888 -29888
-29728 -29728
-29568 -29568
-29408 -29408
-29248 -29248
-29088 -29088
-28928 -28928
-28768 -28768
-28608 -28608
-28448 -28448
-28288 -28288
-28128 -28128
-27968 -27968
-27808 -27808
-27648 -27648
-27488 -27488
-27328 -27328
-27168 -27168
-27008 -27008
-26848 -26848
-26688 -26688
-26528 -26528
-26368 -26368
-26208 -26208
-26048 -26048
-25888 -25888
-25728 -25728
-25568 -25568
-25408 -25408
-25248 -25248
-25088 -25088
-24928 -24928
-24768 -24768
-24608 -24608
-24448 -24448
-24288 -24288
-24128 -24128
-23968 -23968
-23808 -23808
-23648 -23648
-23488 -23488
-23328 -23328
-23168 -23168
-23008 -23008
-22848 -22848
-22688 -22688
-22528 -22528
-22368 -22368
-22208 -22208
-22048 -22048
-21888 -21888
-21728 -21728
-21568 -21568
-21408 -21408
-21248 -21248
-21088 -21088
-20928 -20928
-20768 -20768
-20608 -20608
-20448 -20448
-20288 -20288
-20128 -20128
-19968 -19968
-19808 -19808
-19648 -19648
-19488 -19488
-19328 -19328
-19168 -19168
-19008 -19008
-18848 -18848
-18688 -18688
-18528 -18528
-18368 -18368
-18208 -18208
-18048 -18048
-17888 -17888
-17728 -17728
-17568 -17568
-17408 -17408
-17248 -17248
-17088 -17088
-16928 -16928
-16768 -16768
-16608 -16608
-16448 -16448
-16288 -16288
-16128 -16128
-15968 -15968
-15808 -15808
-15648 -15648
-15488 -15488
-15328 -15328
-15168 -15168
-15008 -15008
-14848 -14848
-14688 -14688
-14528 -14528
-14368 -14368
-14208 -14208
-14048 -14048
-13888 -13888
-13728 -13728
-13568 -13568
-13408 -13408
-13248 -13248
-12986 -12986
-12827 -12827
-12669 -12669
-12510 -12510
-12351 -12351
-12192 -12192
-12034 -12034
-11875 -11875
-11716 -11716
-11557 -11557
-11399 -11399
-11240 -11240
-11081 -11081
-10922 -10922
-10764 -10764
-10605 -10605
-10446 -10446
-10287 -10287
-10129 -10129
-9970 -9970
-9811 -9811
-9652 -9652
-9494 -9494
-9335 -9335
-9176 -9176
-9017 -9017
-8859 -8859
-8700 -8700
-8541 -8541
-8382 -8382
-8224 -8224
-8065 -8065
-7906 -7906
-7747 -7747
-7589 -7589
-7430 -7430
-7271 -7271
-7112 -7112
-6954 -6954
-6795 -6795
-6636 -6636
-6477 -6477
-6319 -6319
-6160 -6160
-6001 -6001
-5842 -5842
-5684 -5684
-5525 -5525
-5365 -5365
-5207 -5207
-5048 -5048
-4889 -4889
-4730 -4730
-4572 -4572
-4413 -4413
-4254 -4254
-4094 -4094
-3936 -3936
-3777 -3777
-3618 -3618
-3459 -3459
-3301 -3301
-3142 -3142
-2983 -2983
-2823 -2823
-2665 -2665
-2506 -2506
-2347 -2347
-2188 -2188
-2030 -2030
-1871 -1871
-1712 -1712
-1552 -1552
-1394 -1394
-1235 -1235
-1076 -1076
-917 -917
-759 -759
-600 -600
-441 -441
-281 -281
-123 -123
36 36
195 195
354 354
512 512
671 671
830 830
990 990
1148 1148
1307 1307
1466 1466
1625 1625
1783 1783
1942 1942
2101 2101
2261 2261
2419 2419
2578 2578
2737 2737
2896 2896
3054 3054
3213 3213
3372 3372
3532 3532
3690 3690
3849 3849
4008 4008
4167 4167
4325 4325
4484 4484
4643 4643
4803 4803
4961 4961
5120 5120
5279 5279
5438 5438
5596 5596
5755 5755
5914 5914
6074 6074
6232 6232
6391 6391
6498 6498
6656 6656
6813 6813
6971 6971
7128 7128
7287 7287
7444 7444
7602 7602
7759 7759
7917 7917
8074 8074
8232 8232
8389 8389
8548 8548
8705 8705
8863 8863
9020 9020
9178 9178
9335 9335
9493 9493
9650 9650
9809 9809
9966 9966
10124 10124
10281 10281
10439 10439
10596 10596
10754 10754
10911 10911
11070 11070
11227 11227
11385 11385
11542 11542
11700 11700
11857 11857
12015 12015
12172 12172
12331 12331
12488 12488
12646 12646
12803 12803
12961 12961
13118 13118
13276 13276
13433 13433
13592 13592
13749 13749
13907 13907
14064 14064
14222 14222
14379 14379
14537 14537
14694 14694
14853 14853
15010 15010
15168 15168
15325 15325
15483 15483
15640 15640
15798 15798
15955 15955
16114 16114
16271 16271
16429 16429
16586 16586
16744 16744
16901 16901
17059 17059
17216 17216
17375 17375
17532 17532
17690 17690
17847 17847
18005 18005
18162 18162
18320 18320
18477 18477
18636 18636
18793 18793
18951 18951
19108 19108
19266 19266
19269 19269
19426 19426
19583 19583
19739 19739
19895 19895
20052 20052
20208 20208
20365 20365
20521 20521
20678 20678
20834 20834
20991 20991
21147 21147
21304 21304
21460 21460
21617 21617
21773 21773
21930 21930
22086 22086
22243 22243
22399 22399
22556 22556
22712 22712
22869 22869
23025 23025
23182 23182
23338 23338
23495 23495
23651 23651
23808 23808
23964 23964
24121 24121
24277 24277
24434 24434
24590 24590
24747 24747
24903 24903
25060 25060
25216 25216
25373 25373
25529 25529
25686 25686
25842 25842
25999 25999
26155 26155
26312 26312
26468 26468
26625 26625
26781 26781
26938 26938
27094 27094
27250 27250
27407 27407
27564 27564
27720 27720
27876 27876
28033 28033
28190 28190
28346 28346
28502 28502
28659 28659
28816 28816
28972 28972
29128 29128
29285 29285
29442 29442
29598 29598
29754 29754
29911 29911
30068 30068
30224 30224
30380 30380
30537 30537
30694 30694
30850 30850
30538 30538
20678 20678
10820 10820
960 960
-8899 -8899
-18758 -18758
-28617 -28617
-31898 -31898
-31742 -31742
-31585 -31585
-31428 -31428
-31272 -31272
-31116 -31116
-30959 -30959
-30802 -30802
-30646 -30646
-30490 -30490
-30334 -30334
-30176 -30176
-30020 -30020
-29864 -29864
-29708 -29708
-29550 -29550
-29394 -29394
-29238 -29238
-29082 -29082
-28924 -28924
-28768 -28768
-28612 -28612
-28456 -28456
-28298 -28298
-28142 -28142
-27986 -27986
-27830 -27830
-27672 -27672
-27516 -27516
-27360 -27360
-27204 -27204
-27046 -27046
-26890 -26890
-26734 -26734
-26578 -26578
-26420 -26420
-26264 -26264
-26108 -26108
-25952 -25952
-25794 -25794
-25638 -25638
-25278 -25278
-25123 -25123
-24967 -24967
-24812 -24812
-24657 -24657
-24502 -24502
-24346 -24346
-24191 -24191
-24036 -24036
-23881 -23881
-23725 -23725
-23570 -23570
-23415 -23415
-23260 -23260
-23104 -23104
-22949 -22949
-22794 -22794
-22639 -22639
-22483 -22483
-22328 -22328
-22173 -22173
-22018 -22018
-21862 -21862
-21707 -21707
-21552 -21552
-21397 -21397
-21241 -21241
-21086 -21086
-20931 -20931
-20776 -20776
-20620 -20620
-20465 -20465
-20310 -20310
-20155 -20155
-19999 -19999
-19844 -19844
-19689 -19689
-19534 -19534
-19378 -19378
-19223 -19223
-19068 -19068
-18913 -18913
-18757 -18757
-18602 -18602
-18446 -18446
-18291 -18291
-18136 -18136
-17980 -17980
-17825 -17825
-17670 -17670
-17515 -17515
-17360 -17360
-17204 -17204
-17049 -17049
-16894 -16894
-16738 -16738
-16583 -16583
-16428 -16428
-16272 -16272
-16117 -16117
-15961 -15961
-15806 -15806
-15651 -15651
-15495 -15495
-15340 -15340
-15185 -15185
-15029 -15029
-14874 -14874
-14718 -14718
-14563 -14563
-14408 -14408
-14252 -14252
-14097 -14097
-13942 -13942
-13786 -13786
-13631 -13631
-13475 -13475
-13320 -13320
-13165 -13165
-13009 -13009
-12854 -12854
-12699 -12699
-12543 -12543
-12388 -12388
-12232 -12232
-12077 -12077
-11922 -11922
-11766 -11766
-11611 -11611
-11456 -11456
-11300 -11300
-11145 -11145
-10989 -10989
-10834 -10834
-10679 -10679
-10523 -10523
-10368 -10368
-10213 -10213
-10057 -10057
-9902 -9902
-9746 -9746
-9591 -9591
-9436 -9436
-9280 -9280
-9125 -9125
-8970 -8970
-8814 -8814
-8659 -8659
-8503 -8503
-8348 -8348
-8193 -8193
-8037 -8037
-7882 -7882
-7727 -7727
-7571 -7571
-7416 -7416
-7260 -7260
-7105 -7105
-6950 -6950
-6794 -6794
-6639 -6639
-6484 -6484
-6328 -6328
-6124 -6124
-5969 -5969
-5815 -5815
-5661 -5661
-5507 -5507
-5353 -5353
-5199 -5199
-5044 -5044
-4891 -4891
-4736 -4736
-4582 -4582
-4428 -4428
-4274 -4274
-4120 -4120
-3966 -3966
-3812 -3812
-3658 -3658
-3503 -3503
-3349 -3349
-3196 -3196
-3041 -3041
-2887 -2887
-2733 -2733
-2579 -2579
-2425 -2425
-2270 -2270
-2116 -2116
-1963 -1963
-1808 -1808
-1654 -1654
-1501 -1501
-1346 -1346
-1192 -1192
-1037 -1037
-884 -884
-730 -730
-575 -575
-421 -421
-268 -268
-113 -113
41 41
196 196
349 349
503 503
658 658
811 811
965 965
1120 1120
1274 1274
1428 1428
1582 1582
1736 1736
1891 1891
2044 2044
2198 2198
2353 2353
2507 2507
2661 2661
2815 2815
2969 2969
3124 3124
3277 3277
3431 3431
3586 3586
3739 3739
3894 3894
4048 4048
4202 4202
4356 4356
4510 4510
4664 4664
4819 4819
4972 4972
5127 5127
5281 5281
5435 5435
5589 5589
5743 5743
5897 5897
6051 6051
6205 6205
6360 6360
6461 6461
6614 6614
6767 6767
6920 6920
7073 7073
7226 7226
7379 7379
7532 7532
7685 7685
7838 7838
7991 7991
8144 8144
8296 8296
8450 8450
8602 8602
8756 8756
8908 8908
9062 9062
9214 9214
9368 9368
9520 9520
9674 9674
9826 9826
9980 9980
10132 10132
10286 10286
10438 10438
10592 10592
10744 10744
10898 10898
11050 11050
11203 11203
11356 11356
11509 11509
11662 11662
11815 11815
11968 11968
12121 12121
12274 12274
12427 12427
12580 12580
12733 12733
12886 12886
13039 13039
13192 13192
13345 13345
13498 13498
13651 13651
13804 13804
13957 13957
14110 14110
14263 14263
14416 14416
14569 14569
14721 14721
14875 14875
15027 15027
15181 15181
15333 15333
15487 15487
15639 15639
15793 15793
15945 15945
16099 16099
16251 16251
16405 16405
16557 16557
16711 16711
16863 16863
17017 17017
17169 17169
17323 17323
17475 17475
17629 17629
17781 17781
17934 17934
18087 18087
18240 18240
18393 18393
18546 18546
18699 18699
18852 18852
19005 19005
19158 19158
19311 19311
19464 19464
19617 19617
19770 19770
19923 19923
20076 20076
20229 20229
20382 20382
20535 20535
20688 20688
20841 20841
20994 20994
21146 21146
21300 21300
21452 21452
21606 21606
21758 21758
21912 21912
22064 22064
22218 22218
22370 22370
22524 22524
22676 22676
22830 22830
22982 22982
23136 23136
23288 23288
23442 23442
23594 23594
23748 23748
23900 23900
24054 24054
24206 24206
24359 24359
24512 24512
24665 24665
24818 24818
24971 24971
25124 25124
25070 25070
25221 25221
25374 25374
25525 25525
25677 25677
25828 25828
25980 25980
26132 26132
26284 26284
26435 26435
26587 26587
26739 26739
26891 26891
27042 27042
27194 27194
27346 27346
27498 27498
27649 27649
27801 27801
27952 27952
28105 28105
28256 28256
28408 28408
28559 28559
28711 28711
28863 28863
29015 29015
29166 29166
29318 29318
29470 29470
29622 29622
29773 29773
29925 29925
25630 25630
16072 16072
6513 6513
-3045 -3045
-12604 -12604
-22162 -22162
-30965 -30965
-30813 -30813
-30662 -30662
-30510 -30510
-30358 -30358
-30206 -30206
-30054 -30054
-29903 -29903
-29750 -29750
-29598 -29598
-29447 -29447
-29295 -29295
-29144 -29144
-28991 -28991
-28839 -28839
-28688 -28688
-28536 -28536
-28384 -28384
-28232 -28232
-28080 -28080
-27929 -27929
-27777 -27777
-27624 -27624
-27473 -27473
-27321 -27321
-27169 -27169
-27018 -27018
-26865 -26865
-26714 -26714
-26562 -26562
-26410 -26410
-26258 -26258
-26106 -26106
-25954 -25954
-25803 -25803
-25651 -25651
-25499 -25499
-25347 -25347
-25195 -25195
-25044 -25044
-24892 -24892
-24739 -24739
-24588 -24588
-24436 -24436
-24285 -24285
-24132 -24132
-23980 -23980
-23829 -23829
-23677 -23677
-23525 -23525
-23373 -23373
-23221 -23221
-23070 -23070
-22918 -22918
-22766 -22766
-22614 -22614
-22462 -22462
-22310 -22310
-22159 -22159
-22006 -22006
-21855 -21855
-21703 -21703
-21551 -21551
-21400 -21400
-21247 -21247
-21095 -21095
-20944 -20944
-20792 -20792
-20640 -20640
-20488 -20488
-20336 -20336
-20185 -20185
-20033 -20033
-19880 -19880
-19729 -19729
-19577 -19577
-19426 -19426
-19274 -19274
-19121 -19121
-18970 -18970
-18818 -18818
-18666 -18666
-18514 -18514
-18362 -18362
-18060 -18060
-17910 -17910
-17759 -17759
-17609 -17609
-17458 -17458
-17307 -17307
-17157 -17157
-17006 -17006
-16856 -16856
-16705 -16705
-16554 -16554
-16404 -16404
-16253 -16253
-16102 -16102
-15952 -15952
-15801 -15801
-15651 -15651
-15500 -15500
-15349 -15349
-15199 -15199
-15048 -15048
-14897 -14897
-14747 -14747
-14596 -14596
-14446 -14446
-14295 -14295
-14145 -14145
-13995 -13995
-13844 -13844
-13693 -13693
-13543 -13543
-13392 -13392
-13242 -13242
-13091 -13091
-12940 -12940
-12790 -12790
-12639 -12639
-12488 -12488
-12338 -12338
-12187 -12187
-12037 -12037
-11886 -11886
-11735 -11735
-11585 -11585
-11434 -11434
-11283 -11283
-11133 -11133
-10982 -10982
-10832 -10832
-10681 -10681
-10530 -10530
-10380 -10380
-10230 -10230
-10079 -10079
-9929 -9929
-9778 -9778
-9628 -9628
-9477 -9477
-9326 -9326
-9176 -9176
-9025 -9025
-8874 -8874
-8724 -8724
-8573 -8573
-8423 -8423
-8272 -8272
-8121 -8121
-7971 -7971
-7820 -7820
-7669 -7669
-7519 -7519
-7368 -7368
-7218 -7218
-7067 -7067
-6916 -6916
-6766 -6766
-6615 -6615
-6465 -6465
-6315 -6315
-6164 -6164
-6014 -6014
-5863 -5863
-5664 -5664
-5514 -5514
-5366 -5366
-5216 -5216
-5066 -5066
-4917 -4917
-4768 -4768
-4618 -4618
-4469 -4469
-4319 -4319
-4170 -4170
-4020 -4020
-3871 -3871
-3721 -3721
-3572 -3572
-3423 -3423
-3273 -3273
-3123 -3123
-2975 -2975
-2825 -2825
-2675 -2675
-2526 -2526
-2377 -2377
-2227 -2227
-2077 -2077
-1928 -1928
-1779 -1779
-1629 -1629
-1480 -1480
-1330 -1330
-1181 -1181
-1032 -1032
-882 -882
-732 -732
-583 -583
-434 -434
-284 -284
-134 -134
14 14
164 164
314 314
463 463
612 612
762 762
912 912
1061 1061
1210 1210
1360 1360
1509 1509
1659 1659
1808 1808
1957 1957
2107 2107
2257 2257
2406 2406
2555 2555
2705 2705
2855 2855
3003 3003
3153 3153
3303 3303
3452 3452
3601 3601
3751 3751
3900 3900
4050 4050
4199 4199
4349 4349
4498 4498
4648 4648
4797 4797
4946 4946
5096 5096
5246 5246
5394 5394
5544 5544
5694 5694
5844 5844
5992 5992
6142 6142
6292 6292
6441 6441
6590 6590
6740 6740
6889 6889
7039 7039
7188 7188
7338 7338
7487 7487
7637 7637
7786 7786
7935 7935
8085 8085
8235 8235
8383 8383
8533 8533
8683 8683
8832 8832
8981 8981
9131 9131
9281 9281
9430 9430
9579 9579
9729 9729
9878 9878
10028 10028
10177 10177
10326 10326
10476 10476
10626 10626
10775 10775
10924 10924
11074 11074
11224 11224
11372 11372
11522 11522
11672 11672
11821 11821
11970 11970
12120 12120
12270 12270
12419 12419
12462 12462
12611 12611
12759 12759
12908 12908
13055 13055
13204 13204
13352 13352
13500 13500
13648 13648
13796 13796
13945 13945
14093 14093
14241 14241
14389 14389
14537 14537
14686 14686
14833 14833
14982 14982
15130 15130
15279 15279
15426 15426
15575 15575
15723 15723
15871 15871
16019 16019
16167 16167
16316 16316
16464 16464
16612 16612
16760 16760
16909 16909
17057 17057
17204 17204
17353 17353
17501 17501
17650 17650
17797 17797
17946 17946
18094 18094
18242 18242
18390 18390
18538 18538
18687 18687
18835 18835
18984 18984
19132 19132
19281 19281
19428 19428
19576 19576
19725 19725
19873 19873
20022 20022
20170 20170
20319 20319
20467 20467
20614 20614
20763 20763
20911 20911
21060 21060
21208 21208
21357 21357
21505 21505
21653 21653
21801 21801
21949 21949
22098 22098
22246 22246
22395 22395
22543 22543
22691 22691
22840 22840
22987 22987
23136 23136
23284 23284
23433 23433
23581 23581
23729 23729
23878 23878
24026 24026
24174 24174
24322 24322
24471 24471
24619 24619
24768 24768
24916 24916
25064 25064
25213 25213
25360 25360
25509 25509
25657 25657
25806 25806
25954 25954
26102 26102
26251 26251
26399 26399
26547 26547
26695 26695
26844 26844
26992 26992
27140 27140
27289 27289
27437 27437
27586 27586
27733 27733
27882 27882
28030 28030
28178 28178
28327 28327
28475 28475
28624 28624
28772 28772
28920 28920
29068 29068
29216 29216
22845 22845
13502 13502
4159 4159
-5184 -5184
-14527 -14527
-23872 -23872
-30161 -30161
-30013 -30013
-29865 -29865
-29464 -29464
-29317 -29317
-29170 -29170
-29023 -29023
-28877 -28877
-28729 -28729
-28582 -28582
-28435 -28435
-28288 -28288
-28141 -28141
-27994 -27994
-27846 -27846
-27700 -27700
-27553 -27553
-27406 -27406
-27259 -27259
-27112 -27112
-26964 -26964
-26817 -26817
-26670 -26670
-26524 -26524
-26377 -26377
-26230 -26230
-26082 -26082
-25935 -25935
-25788 -25788
-25641 -25641
-25494 -25494
-25347 -25347
-25200 -25200
-25053 -25053
-24906 -24906
-24759 -24759
-24612 -24612
-24464 -24464
-24317 -24317
-24171 -24171
-24024 -24024
-23877 -23877
-23730 -23730
-23582 -23582
-23435 -23435
-23288 -23288
-23141 -23141
-22995 -22995
-22847 -22847
-22700 -22700
-22553 -22553
-22406 -22406
-22259 -22259
-22112 -22112
-21965 -21965
-21818 -21818
-21671 -21671
-21524 -21524
-21377 -21377
-21230 -21230
-21082 -21082
-20935 -20935
-20788 -20788
-20642 -20642
-20495 -20495
-20348 -20348
-20200 -20200
-20053 -20053
-19906 -19906
-19759 -19759
-19612 -19612
-19465 -19465
-19318 -19318
-19171 -19171
-19024 -19024
-18877 -18877
-18730 -18730
-18582 -18582
-18435 -18435
-18289 -18289
-18142 -18142
-17995 -17995
-17848 -17848
-17700 -17700
-17553 -17553
-17257 -17257
-17111 -17111
-16965 -16965
-16820 -16820
-16674 -16674
-16528 -16528
-16382 -16382
-16236 -16236
-16090 -16090
-15944 -15944
-15798 -15798
-15652 -15652
-15506 -15506
-15361 -15361
-15215 -15215
-15069 -15069
-14923 -14923
-14777 -14777
-14631 -14631
-14485 -14485
-14339 -14339
-14193 -14193
-14047 -14047
-13901 -13901
-13756 -13756
-13610 -13610
-13464 -13464
-13318 -13318
-13172 -13172
-13026 -13026
-12880 -12880
-12734 -12734
-12588 -12588
-12442 -12442
-12296 -12296
-12151 -12151
-12005 -12005
-11859 -11859
-11713 -11713
-11567 -11567
-11421 -11421
-11275 -11275
-11129 -11129
-10983 -10983
-10837 -10837
-10692 -10692
-10546 -10546
-10400 -10400
-10254 -10254
-10108 -10108
-9962 -9962
-9816 -9816
-9670 -9670
-9524 -9524
-9378 -9378
-9232 -9232
-9087 -9087
-8941 -8941
-8795 -8795
-8649 -8649
-8503 -8503
-8357 -8357
-8211 -8211
-8065 -8065
-7919 -7919
-7773 -7773
-7627 -7627
-7482 -7482
-7336 -7336
-7190 -7190
-7044 -7044
-6898 -6898
-6752 -6752
-6606 -6606
-6460 -6460
-6314 -6314
-6168 -6168
-6023 -6023
-5877 -5877
-5731 -5731
-5585 -5585
-5439 -5439
-5293 -5293
-5147 -5147
-5001 -5001
-4855 -4855
-4709 -4709
-4563 -4563
-4418 -4418
-4272 -4272
-4126 -4126
-3980 -3980
-3834 -3834
-3688 -3688
-3542 -3542
-3396 -3396
-3250 -3250
-3104 -3104
-2958 -2958
-2813 -2813
-2667 -2667
-2521 -2521
-2375 -2375
-2229 -2229
-2083 -2083
-1937 -1937
-1791 -1791
-1645 -1645
-1499 -1499
-1354 -1354
-1208 -1208
-1062 -1062
-916 -916
-770 -770
-624 -624
-478 -478
-332 -332
-186 -186
-40 -40
106 106
251 251
397 397
543 543
683 683
828 828
973 973
1117 1117
1262 1262
1406 1406
1551 1551
1696 1696
1840 1840
1985 1985
2130 2130
2274 2274
2419 2419
2564 2564
2708 2708
2853 2853
2998 2998
3142 3142
3287 3287
3432 3432
3576 3576
3721 3721
3865 3865
4010 4010
4155 4155
4299 4299
4444 4444
4589 4589
4733 4733
4878 4878
5023 5023
5167 5167
5312 5312
5457 5457
5601 5601
5746 5746
5891 5891
6035 6035
6180 6180
6325 6325
6469 6469
6614 6614
6758 6758
6903 6903
7048 7048
7192 7192
7338 7338
7483 7483
7627 7627
7772 7772
7917 7917
8061 8061
8206 8206
8350 8350
8496 8496
8641 8641
8785 8785
8930 8930
9075 9075
9219 9219
9364 9364
9509 9509
9654 9654
9799 9799
9943 9943
