0 0
-2048 -22528
-1740 -21912
-1425 -21289
-1153 -20709
-784 -20032
-519 -19459
-256 -18888
122 -18202
482 -17534
776 -16932
1010 -16390
1230 -15862
1541 -15243
2034 -14442
2590 -13578
2258 -13602
2920 -12632
3310 -11934
4051 -10885
3609 -11019
4670 -9650
4626 -9386
4173 -9531
5556 -7840
5029 -8059
5017 -7763
6194 -6278
7009 -5155
7087 -4769
6809 -4739
5727 -5513
6385 -4547
8603 -2021
10541 225
5744 -4264
8999 -701
9969 577
12410 3326
8423 -353
12401 3933
11881 3721
-808 -4052
-4665 -2993
-15151 -10099
-15554 -10194
-11828 -6160
-9283 -3307
-10861 -4577
-11644 -5052
-16698 -9798
-15933 -8725
-8476 -960
-3479 4345
-18220 -10088
-9117 -677
-6944 1804
165 9221
-12217 -2853
-3174 6498
-3743 6237
-12538 -2250
-1149 9447
-12755 -1851
-11599 -387
-4744 6776
4 11832
-4697 7439
-4666 7778
-15000 -2248
-15388 -2328
-105 13263
6353 20029
-19623 -5639
-2607 11685
1288 15888
12646 27554
-8674 6542
4341 19865
6776 22608
-7605 8535
9434 25882
-11420 5336
-6971 10093
5477 21313
22603 32767
21804 29040
27968 32767
12532 18848
7198 13822
32767 32767
32767 32767
4239 11787
21373 22061
6926 -11790
21017 817
-8574 -28466
6164 -13420
13066 -6210
-5373 -24341
14759 -3901
-13171 -31523
-4829 -22873
5244 -12492
15242 -2186
172 -16948
7548 -9264
-10593 -27097
-21253 -32768
11606 -4282
17004 1424
-22888 -32768
6129 -8835
12449 -2207
30516 16168
-3715 -17755
10322 -3410
17743 4319
2256 -10860
23017 10209
-9405 -21905
2366 -9826
11672 -212
23215 11639
3720 -7548
15811 4851
-3442 -14094
-26572 -32768
3192 836
-2957 -397
-32768 -32768
-12256 -9080
-5169 -1685
11728 15520
-23100 -19000
-10680 -6272
-3188 1528
-14256 -9232
6100 11432
-29960 -24320
-14596 -8648
-6576 -320
6052 12616
-17448 -10576
-692 6488
-20176 -12688
-32768 -32768
472 8576
604 9016
-32768 -28480
-6268 2760
1208 10544
15276 24920
-17296 -7344
-7532 2728
-392 10176
-5988 4888
12752 23936
-25052 -13560
-6792 5008
-500 11608
12800 25216
-13900 -1176
7112 20144
-11972 1368
-32768 -20976
6724 20680
3960 18224
-29396 -14824
-304 14576
16724 27304
32767 32767
13084 16600
20192 24016
26980 31112
26856 31296
32767 32767
4432 9488
25588 30952
30152 32767
32767 32767
16480 22768
32767 32767
20808 27712
-1780 5432
32767 32767
26516 28968
-22104 -32768
1564 -18664
9712 -10208
18276 -1336
-9784 -29088
-5332 -24328
1104 -17584
6452 -11928
21960 3888
-19332 -32768
2880 -14576
7556 -9592
22200 5360
-6388 -22920
18624 2400
340 -15576
-22184 -32768
15132 -168
6576 -8416
-17884 -32568
7528 -6848
16012 1944
21824 8064
-3980 -17432
-2184 -15328
828 -10472
416 -5968
7108 5640
-32768 -32768
-15732 -15048
-10944 -9952
4372 5672
-25160 -23552
1852 3768
-16032 -13808
-32768 -32768
-3192 -352
-14644 -11496
-32768 -31200
-11084 -7320
-2264 1808
796 5176
-20752 -16064
-23612 -18616
-17880 -12576
-5620 -8
10688 16608
-32768 -27864
-9768 -3232
-4868 1976
11120 18272
-19356 -11896
9656 17424
-7828 248
-30224 -21840
3060 11752
-11288 -2288
-26852 -17544
-5008 4608
4036 13960
4344 14576
-12948 -2408
-20464 -9616
-15084 -3928
632 12096
17340 29112
-29184 -17104
-3804 8584
7352 16976
32767 32767
11089 12113
32767 32767
24913 26553
2758 4706
32767 32767
16678 19242
5651 8523
25612 28792
32767 32767
32388 32767
19456 23560
7381 11793
12372 17092
31397 32767
32767 32767
485 6129
26717 32669
31804 32767
32767 32767
16894 23770
32767 32767
32767 32767
7423 11639
17531 2343
-8619 -28875
-15232 -32768
3014 -16626
12435 -6897
7282 -11742
-1427 -20143
-18122 -32768
-13480 -31580
8974 -8818
26348 8864
-23271 -32768
4008 -12860
9428 -7132
27072 10820
-5974 -21918
19528 3892
12613 -2715
-18631 -29043
369 -5127
-29819 -32768
-32020 -32768
-15487 -23131
-5845 -13181
-13728 -20756
-18215 -24935
-32768 -32768
-32768 -32768
-9353 -15149
5147 -341
-32768 -32768
-14605 -19477
-8851 -13415
9237 4981
-24745 -28693
-1879 -5519
-3778 -7110
-25742 -28766
871 -1845
-26444 -28852
-24231 -26331
-9413 -11205
452 -1032
-10162 -11338
-10426 -11294
-31343 -31903
-32416 -32668
-3104 -3048
8523 8887
-32768 -32768
-8641 -7661
-2555 -1267
15978 17574
-18941 -17037
1290 3502
4408 6928
-17493 -14665
7516 10652
-23068 -19624
-16442 -12690
-267 3793
19481 23849
14908 19584
21939 26923
1419 6711
-5020 580
27721 32767
32767 32767
-8525 -2001
21898 28730
28318 32767
32767 32767
11439 19195
29035 32767
32767 32767
15332 24012
32767 32767
6423 15719
15923 25527
27311 32767
32767 32767
21546 32074
29728 32767
9604 20748
-2200 9252
32767 32767
32767 32767
-3610 8766
27861 32767
32767 32767
32767 32767
17244 30852
30412 32767
18485 11205
-5091 -19231
16712 2880
-17334 -30858
-4961 -18177
4714 -8194
16579 3979
-3560 -15852
8844 -3140
-10882 -22558
-32768 -32768
-3814 -14874
-10023 -20775
-32768 -32768
-19424 -29560
-12337 -22165
4354 -5166
-30200 -32768
-17875 -26779
-10439 -19035
-21418 -29706
-1218 -9198
-32768 -32768
-21748 -29112
-13788 -20844
-1256 -8004
-24570 -31010
-32768 -32768
-22716 -28540
-32574 -32768
-2763 -7971
-31984 -32768
-14194 -18786
-23800 -28084
-22469 -26445
-8668 -12336
-28960 -32320
-1004 -4056
-23352 -26096
-7544 -9980
-7617 -9745
-15112 -16932
674 -838
-29876 -31080
1935 1039
-10030 -10618
-171 -451
-10432 -10404
-7010 -6674
-32768 -32768
-9602 -8650
-23820 -22560
-6547 -4979
1492 3368
-5432 -3248
14584 17076
-15681 -12881
14334 17442
2098 5514
9068 12792
10127 14159
-7998 -3658
16116 20764
-10612 -5656
9020 14284
19908 25480
22904 28784
12340 18528
32767 32767
5526 12330
32214 32767
23316 30736
30557 32767
32767 32767
14183 22527
-11828 -3176
25423 32767
16328 25596
30534 32767
27560 32767
6295 16487
23172 32767
-2952 7856
23916 32767
16931 28355
17446 29178
21574 32767
-1676 10672
24510 32767
1394 14358
17959 31231
12748 26328
5508 19396
6772 1256
13608 -560
-16420 -30280
-4071 -17623
-19118 -32362
-21614 -32768
-11588 -24216
-32768 -32768
-8422 -20434
-26915 -32768
-20320 -31716
-12899 -23987
-16008 -26788
-32768 -32768
-22452 -32616
-32768 -32768
-18626 -28174
-20696 -29936
-28644 -32768
-21255 -29879
-32768 -32768
-20827 -28835
-32768 -32768
-25322 -32714
-27254 -32768
-32768 -32768
-22036 -28504
-32768 -32768
-23828 -29680
-12712 -18256
-15476 -20712
-19509 -24437
-4358 -8978
-31446 -32768
10340 6336
-5086 -8782
9454 6066
11679 8599
-3260 -6032
-26583 -29047
-486 -2642
-15338 -17186
5396 3856
5503 4271
-10002 -10926
344 -272
-32768 -32768
320 320
-12470 -12162
-2039 -1423
-2748 -1824
-20238 -19006
414 1954
-26465 -24617
-3372 -1216
-14340 -11876
-14596 -11824
3080 6160
16188 19576
-11536 -7840
15786 19790
3427 7739
12844 17464
17110 22038
-378 4858
21803 27347
-2840 3012
491 6651
18158 24626
15954 22730
-4676 2408
8739 16131
-20074 -12374
10255 18263
2428 10744
7536 16160
8442 17374
-14173 -4933
9548 19096
-14202 -4346
5824 15988
-21 10451
-5704 5076
5348 16436
-19172 -7776
8860 20564
20204 32216
10912 23232
14178 26806
23569 32767
3012 16256
29426 32767
7472 21332
9849 6097
188 -14008
-8415 -22303
-29050 -32768
-12566 -25838
-32768 -32768
-7454 -20110
-10158 -22506
-14011 -26051
-10196 -21928
-32768 -32768
-10988 -22104
-29583 -32768
-12624 -23124
-14782 -24974
-26512 -32768
-12391 -21967
-32768 -32768
-12415 -21375
-29140 -32768
-22564 -30908
-8036 -16072
2384 -5344
-21242 -28662
6971 -141
-11916 -18720
3258 -3238
4848 -1340
-6109 -11989
10312 4740
-19725 -24989
-19658 -24614
4537 -111
6956 2616
-7914 -11946
-1030 -4754
-32768 -32768
-1824 -4932
-15408 -18208
-1596 -4088
-2821 -5005
-19676 -21552
-2486 -4054
-30544 -31804
-3990 -4942
-15592 -16236
-12749 -13085
-8228 -8256
-26988 -26708
588 1176
12160 13056
-3660 -2456
6391 7903
10536 12356
-3490 -1362
18056 20492
-8642 -5898
17412 20464
11975 15335
15102 18770
-2845 1131
7108 11392
-25422 -20830
8368 13268
-93 5115
10652 16168
7936 13760
-13964 -7832
6391 12831
-18024 -11276
5463 12519
-1016 6348
-4114 3558
3476 11456
-20409 -12121
7214 15810
-15268 -6364
-2164 7048
9520 19040
17252 27080
157 10293
26828 32767
1413 12165
22344 32767
19974 31342
16832 28508
27493 32767
-118 12174
-11135 1465
19588 32496
16250 29466
17520 31044
17873 31705
-25280 -27268
-13903 -28127
-32768 -32768
-12904 -26512
-14084 -27384
-25179 -32768
-14520 -27204
-32768 -32768
-13804 -25872
-31163 -32768
-21126 -32578
-21804 -32768
-32768 -32768
-10528 -21056
4116 -6104
-18232 -28144
-2424 -12028
-2497 -11793
-9992 -18980
5794 -2886
-24756 -32768
7055 -1009
-4910 -12666
4949 -2499
-5312 -12452
-1890 -8722
-32768 -32768
-4482 -10698
-18700 -24608
-1427 -7027
-2604 -7896
-18744 -23728
-4872 -9548
-32768 -32768
-5122 -9182
-17358 -21110
-10388 -13832
-9329 -12465
-27454 -30282
-3340 -5860
-30068 -32280
-10436 -12340
452 -1144
3448 2160
-7116 -8096
13795 13123
-13930 -14294
12758 12702
3860 4112
11101 11661
16002 16870
-5273 -4097
-31284 -29800
5967 7759
-3128 -1028
11078 13486
8104 10820
-13161 -10137
3716 7048
-22408 -18768
4460 8408
-2525 1731
-2010 2554
2118 6990
-21132 -15952
5054 10542
-18062 -12266
-1497 4607
-6708 -296
-13948 -7228
7028 14056
22824 30160
-4132 3512
17433 25385
11602 19862
12178 20746
22204 31080
-1815 7369
25370 32767
6877 16677
13472 23580
20893 31309
17784 28508
-8606 2426
11340 22680
-8635 3013
15166 27122
13096 25360
5148 17720
12537 25417
-15838 -2650
12965 26461
-5028 8776
-5866 -6090
-22134 -32768
-32768 -32768
-16916 -30552
-32768 -32768
-18708 -31728
-7592 -20304
-10356 -22760
-14389 -26485
762 -11026
-26326 -32768
3172 -8000
-12254 -23118
2286 -8270
4511 -5737
-10428 -20368
-32768 -32768
-7654 -16978
-22506 -31522
-1772 -10480
-1665 -10065
-17170 -25262
-6824 -14608
-32768 -32768
-6848 -14016
-19638 -26498
-9207 -15759
-9916 -16160
-27406 -32768
-6754 -12382
-32768 -32768
-10540 -15552
-21508 -26212
-21764 -26160
-4088 -8176
9020 5240
-18704 -22176
8618 5454
-3741 -6597
5676 3128
9942 7702
-7546 -9478
14635 13011
-10008 -11324
-6677 -7685
10990 10290
8786 8394
-11844 -11928
1571 1795
-27242 -26710
3087 3927
-4740 -3592
368 1824
1274 3038
-21341 -19269
2380 4760
-21370 -18682
-1344 1652
-7189 -3885
-12872 -9260
-1820 2100
-26340 -22112
1692 6228
13036 17880
3744 8896
7010 12470
16401 22169
-4156 1920
22258 28642
304 6996
20601 27601
21692 29000
13089 20705
-7546 378
8938 17170
-13212 -4672
14050 22898
11346 20502
7493 16957
11308 21080
-16352 -6272
10516 20904
-8079 2617
8880 19884
6722 18034
-5008 6612
9113 21041
-20532 -8296
9089 21633
-7636 5216
-1060 12100
13468 26936
23888 32767
-12282 -10742
-197 -14477
-19084 -32768
-3910 -17574
-2320 -15676
-13277 -26325
3144 -9596
-26893 -32768
-26826 -32768
-2631 -14447
-212 -11720
-15082 -26282
-8198 -19090
-32768 -32768
-8992 -19268
-22576 -32544
-8764 -18424
-9989 -19341
-26844 -32768
-9654 -18390
-32768 -32768
-11158 -19278
-22760 -30572
-19917 -27421
-15396 -22592
-32768 -32768
-6580 -13160
4992 -1280
-10828 -16792
-777 -6433
3368 -1980
-10658 -15698
10888 6156
-15810 -20234
10244 6128
4807 999
7934 4434
-10013 -13205
-60 -2944
-32590 -32768
1200 -1068
-7261 -9221
3484 1832
768 -576
-21132 -22168
-777 -1505
-25192 -25612
-1705 -1817
-8184 -7988
-11282 -10778
-3692 -2880
-27577 -26457
46 1474
-22436 -20700
-9332 -7288
2352 4704
10084 12744
-7011 -4043
19660 22936
-5755 -2171
15176 19068
12806 17006
9664 14172
20325 25141
-7286 -2162
-18303 -12871
12420 18160
9082 15130
10352 16708
10705 17369
-16320 -9348
7601 14881
-11740 -4152
8600 16496
7420 15624
-3675 4837
6984 15804
-22026 -12898
7700 17136
-9659 85
378 10430
-300 10060
-13300 -2632
10976 21952
25620 32767
3272 14864
19080 30980
19007 31215
11512 24028
27298 32767
-3252 9880
28559 32767
16594 30342
15701 19005
-12480 -26788
-9058 -23058
-32768 -32768
-11650 -25034
-25868 -32768
-8595 -21363
-9772 -22232
-25912 -32768
-12040 -23884
-32768 -32768
-12290 -23518
-24526 -32768
-17556 -28168
-16497 -26801
-32768 -32768
-10508 -20196
-32768 -32768
-17604 -26676
-6716 -15480
-3720 -12176
-14284 -22432
6627 -1213
-21098 -28630
5590 -1634
-3308 -10224
3933 -2675
8834 2534
-12441 -18433
-32768 -32768
-1201 -6577
-10296 -15364
3910 -850
936 -3516
-20329 -24473
-3452 -7288
-29576 -32768
-2708 -5928
-9693 -12605
-9178 -11782
-5050 -7346
-28300 -30288
-2114 -3794
-25230 -26602
-8665 -9729
-13876 -14632
-21116 -21564
-140 -280
15656 15824
-11300 -10824
10265 11049
4434 5526
5010 6410
15036 16744
-8983 -6967
18202 20526
-291 2341
6304 9244
13725 16973
10616 14172
-15774 -11910
4172 8344
-15803 -11323
7998 12786
5928 11024
-2020 3384
5369 11081
-23006 -16986
5797 12125
-12196 -5560
1302 8246
-630 6622
-12995 -5435
4588 12456
-23364 -15188
2796 11280
13912 22704
11148 20248
7115 16523
22266 31982
-4822 5202
24676 32767
9250 19890
23790 32767
26015 32767
11076 22640
-12247 -375
13850 26030
-1002 11486
19732 32528
19839 32767
4334 17746
14680 28400
-27700 -22632
-14016 -28352
-26806 -32768
-16375 -30095
-17084 -30496
-32768 -32768
-13922 -26718
-32768 -32768
-17708 -29888
-28676 -32768
-28932 -32768
-11256 -22512
1852 -9096
-25872 -32768
1450 -8882
-10909 -20933
-1492 -11208
2774 -6634
-14714 -23814
7467 -1325
-17176 -25660
-13845 -22021
3822 -4046
1618 -5942
-19012 -26264
-5597 -12541
-32768 -32768
-4081 -10409
-11908 -17928
-6800 -12512
-5894 -11298
-28509 -32768
-4788 -9576
-28538 -32768
-8512 -12684
-14357 -18221
-20040 -23596
-8988 -12236
-32768 -32768
-5476 -8108
5868 3544
-3424 -5440
-158 -1866
9233 7833
-11324 -12416
15090 14306
-6864 -7340
13433 13265
14524 14664
5921 6369
-14714 -13958
1770 2834
-20380 -19008
6882 8562
4178 6166
325 2621
4140 6744
-23520 -20608
3348 6568
-15247 -11719
1712 5548
-446 3698
-12176 -7724
1945 6705
-27700 -22632
1921 7297
-14804 -9120
-8228 -2236
6300 12600
16720 23328
-6906 10
21307 28531
2420 9952
17594 25434
19184 27332
8227 16683
24648 32767
-5389 3683
-5322 4058
18873 28561
21292 31288
6422 16726
13306 23918
-19479 -8559
12512 23740
-1072 10464
12740 24584
11515 23667
-5340 7120
11850 24618
-16208 -3132
10346 23730
-1256 12436
-5581 1251
-20772 -32768
-32768 -32768
-13748 -27496
-2176 -15616
-17996 -31128
-7945 -20769
-3800 -16316
-17826 -30034
3720 -8180
-22978 -32768
3076 -8208
-2361 -13337
766 -9902
-17181 -27541
-7228 -17280
-32768 -32768
-5968 -15404
-14429 -23557
-3684 -12504
-6400 -14912
-28300 -32768
-7945 -15841
-32360 -32768
-8873 -16153
-15352 -22324
-18450 -25114
-10860 -17216
-32768 -32768
-7122 -12862
-29604 -32768
-16500 -21624
-4816 -9632
2916 -1592
-14179 -18379
12492 8600
-12923 -16507
8008 4732
5638 2670
2496 -164
13157 10805
-14454 -16498
-25471 -27207
5252 3824
1914 794
3184 2372
3537 3033
-23488 -23684
433 545
-18908 -18488
1432 2160
252 1288
-10843 -9499
-184 1468
-29194 -27234
532 2800
-16827 -14251
-6790 -3906
-7468 -4276
-20468 -16968
3808 7616
18452 22568
-3896 528
11912 16644
11839 16879
4344 9692
20130 25786
-10420 -4456
21391 27663
9426 16006
19285 26173
9024 16220
12446 19950
-19704 -11892
9854 17974
-4364 4064
12909 21645
11732 20776
-4408 4944
9464 19124
-20801 -10833
9214 19490
-3022 7562
