0 0
-32768 -32768
-32000 -32000
-31232 -31232
-30464 -30464
-29696 -29696
-28928 -28928
-28160 -28160
-27392 -27392
-26624 -26624
-25856 -25856
-25088 -25088
-24320 -24320
-23552 -23552
-22784 -22784
-22016 -22016
-21248 -21248
-20480 -20480
-19712 -19712
-18944 -18944
-18176 -18176
-17408 -17408
-16640 -16640
-15872 -15872
-15104 -15104
-14336 -14336
-13568 -13568
-12800 -12800
-12032 -12032
-11264 -11264
-10496 -10496
-9728 -9728
-8960 -8960
-8192 -8192
-7424 -7424
-6656 -6656
-5888 -5888
-5120 -5120
-4352 -4352
-3584 -3584
-2816 -2816
-2048 -2048
-1280 -1280
-512 -512
256 256
1024 1024
1792 1792
2560 2560
3328 3328
4096 4096
4864 4864
5632 5632
6400 6400
7168 7168
7936 7936
8704 8704
9472 9472
10240 10240
11008 11008
11776 11776
12544 12544
13312 13312
14080 14080
14848 14848
15616 15616
16384 16384
17152 17152
17920 17920
18688 18688
19456 19456
20224 20224
20992 20992
21760 21760
22528 22528
23296 23296
24064 24064
24832 24832
25600 25600
26368 26368
27136 27136
27904 27904
28672 28672
29440 29440
30208 30208
30976 30976
31744 31744
-16640 -16640
-32256 -32256
-31488 -31488
-30720 -30720
-29952 -29952
-29184 -29184
-28416 -28416
-27648 -27648
-26880 -26880
-26112 -26112
-25344 -25344
-24576 -24576
-23808 -23808
-23040 -23040
-22272 -22272
-21504 -21504
-20736 -20736
-19968 -19968
-19200 -19200
-18432 -18432
-17664 -17664
-16896 -16896
-16128 -16128
-15360 -15360
-14592 -14592
-13824 -13824
-13056 -13056
-12288 -12288
-11520 -11520
-10752 -10752
-9984 -9984
-9216 -9216
-8448 -8448
-7680 -7680
-6912 -6912
-6144 -6144
-5376 -5376
-4608 -4608
-3840 -3840
-3072 -3072
-2304 -2304
-1536 -1536
-768 -768
0 0
768 768
1536 1536
2304 2304
3072 3072
3840 3840
4608 4608
5376 5376
6144 6144
6912 6912
7680 7680
8448 8448
9216 9216
9984 9984
10752 10752
11520 11520
12288 12288
13056 13056
13824 13824
14592 14592
15360 15360
16128 16128
16896 16896
17664 17664
18432 18432
19200 19200
19968 19968
20736 20736
21504 21504
22272 22272
23040 23040
23808 23808
24576 24576
25344 25344
26112 26112
26880 26880
27648 27648
28416 28416
29184 29184
29952 29952
30720 30720
31488 31488
-512 -512
-32512 -32512
-31744 -31744
-30976 -30976
-30208 -30208
-29440 -29440
-28672 -28672
-27904 -27904
-27136 -27136
-26368 -26368
-25600 -25600
-24832 -24832
-24064 -24064
-23296 -23296
-22528 -22528
-21760 -21760
-20992 -20992
-20224 -20224
-19456 -19456
-18688 -18688
-17920 -17920
-17152 -17152
-16384 -16384
-15616 -15616
-14848 -14848
-14080 -14080
-13312 -13312
-12544 -12544
-11776 -11776
-11008 -11008
-10240 -10240
-9472 -9472
-8704 -8704
-7936 -7936
-7168 -7168
-6400 -6400
-5632 -5632
-4864 -4864
-4096 -4096
-3328 -3328
-2560 -2560
-1792 -1792
-1024 -1024
-256 -256
512 512
1280 1280
2048 2048
2816 2816
3584 3584
4352 4352
5120 5120
5888 5888
6656 6656
7424 7424
8192 8192
8960 8960
9728 9728
10496 10496
11264 11264
12032 12032
12800 12800
13568 13568
14336 14336
15104 15104
15872 15872
16640 16640
17408 17408
18176 18176
18944 18944
19712 19712
20480 20480
21248 21248
22016 22016
22784 22784
23552 23552
24320 24320
25088 25088
25856 25856
26624 26624
27392 27392
28160 28160
28928 28928
29696 29696
30464 30464
31232 31232
15616 15616
-32768 -32768
-32000 -32000
-31232 -31232
-30464 -30464
-29696 -29696
-28928 -28928
-28160 -28160
-27392 -27392
-26624 -26624
-25856 -25856
-25088 -25088
-24320 -24320
-23552 -23552
-22784 -22784
-22016 -22016
-21248 -21248
-20480 -20480
-19712 -19712
-18944 -18944
-18176 -18176
-17408 -17408
-16640 -16640
-15872 -15872
-15104 -15104
-14336 -14336
-13568 -13568
-12800 -12800
-12032 -12032
-11264 -11264
-10496 -10496
-9728 -9728
-8960 -8960
-8192 -8192
-7424 -7424
-6656 -6656
-5888 -5888
-5120 -5120
-4352 -4352
-3584 -3584
-2816 -2816
-2048 -2048
-1280 -1280
-512 -512
256 256
1024 1024
1792 1792
2560 2560
3328 3328
4096 4096
4864 4864
5632 5632
6400 6400
7168 7168
7936 7936
8704 8704
9472 9472
10240 10240
11008 11008
11776 11776
12544 12544
13312 13312
14080 14080
14848 14848
15616 15616
16384 16384
17152 17152
17920 17920
18688 18688
19456 19456
20224 20224
20992 20992
21760 21760
22528 22528
23296 23296
24064 24064
24832 24832
25600 25600
26368 26368
27136 27136
27904 27904
28672 28672
29440 29440
30208 30208
30976 30976
31744 31744
-16640 -16640
-32256 -32256
-31488 -31488
-30720 -30720
-29952 -29952
-29184 -29184
-28416 -28416
-27648 -27648
-26880 -26880
-26112 -26112
-25344 -25344
-24576 -24576
-23808 -23808
-23040 -23040
-22272 -22272
-21504 -21504
-20736 -20736
-19968 -19968
-19200 -19200
-18432 -18432
-17664 -17664
-16896 -16896
-16128 -16128
-15360 -15360
-14592 -14592
-13824 -13824
-13056 -13056
-12288 -12288
-11520 -11520
-10752 -10752
-9984 -9984
-9216 -9216
-8448 -8448
-7680 -7680
-6912 -6912
-6144 -6144
-5376 -5376
-4608 -4608
-3840 -3840
-3072 -3072
-2304 -2304
-1536 -1536
-768 -768
0 0
768 768
1536 1536
2304 2304
3072 3072
3840 3840
4608 4608
5376 5376
6144 6144
6912 6912
7680 7680
8448 8448
9216 9216
9984 9984
10752 10752
11520 11520
12288 12288
13056 13056
13824 13824
14592 14592
15360 15360
16128 16128
16896 16896
17664 17664
18432 18432
19200 19200
19968 19968
20736 20736
21504 21504
22272 22272
23040 23040
23808 23808
24576 24576
25344 25344
26112 26112
26880 26880
27648 27648
28416 28416
29184 29184
29952 29952
30720 30720
31488 31488
-512 -512
-32512 -32512
-31744 -31744
-30976 -30976
-30208 -30208
-29440 -29440
-28672 -28672
-27904 -27904
-27136 -27136
-26368 -26368
-25600 -25600
-24832 -24832
-24064 -24064
-23296 -23296
-22528 -22528
-21760 -21760
-20992 -20992
-20224 -20224
-19456 -19456
-18688 -18688
-17920 -17920
-17152 -17152
-16384 -16384
-15616 -15616
-14848 -14848
-14080 -14080
-13312 -13312
-12544 -12544
-11776 -11776
-11008 -11008
-10240 -10240
-9472 -9472
-8704 -8704
-7936 -7936
-7168 -7168
-6400 -6400
-5632 -5632
-4864 -4864
-4096 -4096
-3328 -3328
-2560 -2560
-1792 -1792
-1024 -1024
-256 -256
512 512
1280 1280
2048 2048
2816 2816
3584 3584
4352 4352
5120 5120
5888 5888
6656 6656
7424 7424
8192 8192
8960 8960
9728 9728
10496 10496
11264 11264
12032 12032
12800 12800
13568 13568
14336 14336
15104 15104
15872 15872
16640 16640
17408 17408
18176 18176
18944 18944
19712 19712
20480 20480
21248 21248
22016 22016
22784 22784
23552 23552
24320 24320
25088 25088
25856 25856
26624 26624
27392 27392
28160 28160
28928 28928
29696 29696
30464 30464
31232 31232
15616 15616
-32768 -32768
-32000 -32000
-31232 -31232
-30464 -30464
-29696 -29696
-28928 -28928
-28160 -28160
-27392 -27392
-26624 -26624
-25856 -25856
-25088 -25088
-24320 -24320
-23552 -23552
-22784 -22784
-22016 -22016
-21248 -21248
-20480 -20480
-19712 -19712
-18944 -18944
-18176 -18176
-17408 -17408
-16640 -16640
-15872 -15872
-15104 -15104
-14336 -14336
-13568 -13568
-12800 -12800
-12032 -12032
-11264 -11264
-10496 -10496
-9728 -9728
-8960 -8960
-8192 -8192
-7424 -7424
-6656 -6656
-5888 -5888
-5120 -5120
-4352 -4352
-3584 -3584
-2816 -2816
-2048 -2048
-1280 -1280
-512 -512
256 256
1024 1024
1792 1792
2560 2560
3328 3328
4096 4096
4864 4864
5632 5632
6400 6400
7168 7168
7936 7936
8704 8704
9472 9472
10240 10240
11008 11008
11776 11776
12544 12544
13312 13312
14080 14080
14848 14848
15616 15616
16384 16384
17152 17152
17920 17920
18688 18688
19456 19456
20224 20224
20992 20992
21760 21760
22528 22528
23296 23296
24064 24064
24832 24832
25600 25600
26368 26368
27136 27136
27904 27904
28672 28672
29440 29440
30208 30208
30976 30976
31744 31744
-16640 -16640
-32256 -32256
-31488 -31488
-30720 -30720
-29952 -29952
-29184 -29184
-28416 -28416
-27648 -27648
-26880 -26880
-26112 -26112
-25344 -25344
-24576 -24576
-23808 -23808
-23040 -23040
-22272 -22272
-21504 -21504
-20736 -20736
-19968 -19968
-19200 -19200
-18432 -18432
-17664 -17664
-16896 -16896
-16128 -16128
-15360 -15360
-14592 -14592
-13824 -13824
-13056 -13056
-12288 -12288
-11520 -11520
-10752 -10752
-9984 -9984
-9216 -9216
-8448 -8448
-7680 -7680
-6912 -6912
-6144 -6144
-5376 -5376
-4608 -4608
-3840 -3840
-3072 -3072
-2304 -2304
-1536 -1536
-768 -768
0 0
768 768
1536 1536
2304 2304
3072 3072
3840 3840
4608 4608
5376 5376
6144 6144
6912 6912
7680 7680
8448 8448
9216 9216
9984 9984
10752 10752
11520 11520
12288 12288
13056 13056
13824 13824
14592 14592
15360 15360
16128 16128
16896 16896
17664 17664
18432 18432
19200 19200
19968 19968
20736 20736
21504 21504
22272 22272
23040 23040
23808 23808
24576 24576
25344 25344
26112 26112
26880 26880
27648 27648
28416 28416
29184 29184
29952 29952
30720 30720
31488 31488
-512 -512
-32512 -32512
-31744 -31744
-30976 -30976
-30208 -30208
-29440 -29440
-28672 -28672
-27904 -27904
-27136 -27136
-26368 -26368
-25600 -25600
-24832 -24832
-24064 -24064
-23296 -23296
-22528 -22528
-21760 -21760
-20992 -20992
-20224 -20224
-19456 -19456
-18688 -18688
-17920 -17920
-17152 -17152
-16384 -16384
-15616 -15616
-14848 -14848
-14080 -14080
-13312 -13312
-12544 -12544
-11776 -11776
-11008 -11008
-10240 -10240
-9472 -9472
-8704 -8704
-7936 -7936
-7168 -7168
-6400 -6400
-5632 -5632
-4864 -4864
-4096 -4096
-3328 -3328
-2560 -2560
-1792 -1792
-1024 -1024
-256 -256
512 512
1280 1280
2048 2048
2816 2816
3584 3584
4352 4352
5120 5120
5888 5888
6656 6656
7424 7424
8192 8192
8960 8960
9728 9728
10496 10496
11264 11264
12032 12032
12800 12800
13568 13568
14336 14336
15104 15104
15872 15872
16640 16640
17408 17408
18176 18176
18944 18944
19712 19712
20480 20480
21248 21248
22016 22016
22784 22784
23552 23552
24320 24320
25088 25088
25856 25856
26624 26624
27392 27392
28160 28160
28928 28928
29696 29696
30464 30464
31232 31232
15494 15494
-32512 -32512
-31750 -31750
-30988 -30988
-30226 -30226
-29464 -29464
-28702 -28702
-27940 -27940
-27178 -27178
-26416 -26416
-25654 -25654
-24892 -24892
-24130 -24130
-23368 -23368
-22606 -22606
-21844 -21844
-21082 -21082
-20320 -20320
-19558 -19558
-18796 -18796
-18034 -18034
-17272 -17272
-16510 -16510
-15748 -15748
-14986 -14986
-14224 -14224
-13462 -13462
-12700 -12700
-11938 -11938
-11176 -11176
-10414 -10414
-9652 -9652
-8890 -8890
-8128 -8128
-7366 -7366
-6604 -6604
-5842 -5842
-5080 -5080
-4318 -4318
-3556 -3556
-2794 -2794
-2032 -2032
-1270 -1270
-508 -508
254 254
1016 1016
1778 1778
2540 2540
3302 3302
4064 4064
4826 4826
5588 5588
6350 6350
7112 7112
7874 7874
8636 8636
9398 9398
10160 10160
10922 10922
11684 11684
12446 12446
13208 13208
13970 13970
14732 14732
15494 15494
16256 16256
17018 17018
17780 17780
18542 18542
19304 19304
20066 20066
20828 20828
21590 21590
22352 22352
23114 23114
23876 23876
24638 24638
25400 25400
26162 26162
26924 26924
27686 27686
28448 28448
29210 29210
29972 29972
30734 30734
31496 31496
-16510 -16510
-32004 -32004
-31242 -31242
-30480 -30480
-29718 -29718
-28956 -28956
-28194 -28194
-27432 -27432
-26670 -26670
-25908 -25908
-25146 -25146
-24384 -24384
-23622 -23622
-22860 -22860
-22098 -22098
-21336 -21336
-20574 -20574
-19812 -19812
-19050 -19050
-18288 -18288
-17526 -17526
-16764 -16764
-16002 -16002
-15240 -15240
-14478 -14478
-13716 -13716
-12954 -12954
-12192 -12192
-11430 -11430
-10668 -10668
-9906 -9906
-9144 -9144
-8382 -8382
-7620 -7620
-6858 -6858
-6096 -6096
-5334 -5334
-4572 -4572
-3810 -3810
-3048 -3048
-2286 -2286
-1524 -1524
-762 -762
0 0
762 762
1524 1524
