0 0
16384 16384
16384 16384
16384 16384
16384 16384
16384 16384
16384 16384
16384 16384
16384 16384
16384 16384
16384 16384
16384 16384
16384 16384
-16256 -16256
-16384 -16384
-16384 -16384
-16384 -16384
-16384 -16384
-16384 -16384
-16384 -16384
-16384 -16384
-16384 -16384
-16384 -16384
-16384 -16384
-16384 -16384
16128 16128
16384 16384
16384 16384
16384 16384
16384 16384
16384 16384
16384 16384
16384 16384
16384 16384
16384 16384
16384 16384
16384 16384
-16000 -16000
-16384 -16384
-16384 -16384
-16384 -16384
-16384 -16384
-16384 -16384
-16384 -16384
-16384 -16384
-16384 -16384
-16384 -16384
-16384 -16384
-16384 -16384
15872 15872
16384 16384
16384 16384
16384 16384
16384 16384
16384 16384
16384 16384
16384 16384
16384 16384
16384 16384
16384 16384
16384 16384
-15744 -15744
-16384 -16384
-16384 -16384
-16384 -16384
-16384 -16384
-16384 -16384
-16384 -16384
-16384 -16384
-16384 -16384
-16384 -16384
-16384 -16384
-16384 -16384
15616 15616
16384 16384
16384 16384
16384 16384
16384 16384
16384 16384
16384 16384
16384 16384
16384 16384
16384 16384
16384 16384
16384 16384
-15488 -15488
-16384 -16384
-16384 -16384
-16384 -16384
-16384 -16384
-16384 -16384
-16384 -16384
-16384 -16384
-16384 -16384
-16384 -16384
-16384 -16384
-16384 -16384
15360 15360
16384 16384
16384 16384
16384 16384
16384 16384
16384 16384
16384 16384
16384 16384
16384 16384
16384 16384
16384 16384
16384 16384
-15232 -15232
-16384 -16384
-16384 -16384
-16384 -16384
-16384 -16384
-16384 -16384
-16384 -16384
-16384 -16384
-16384 -16384
-16384 -16384
-16384 -16384
-16384 -16384
15104 15104
16384 16384
16384 16384
16384 16384
16384 16384
16384 16384
16384 16384
16384 16384
16384 16384
16384 16384
16384 16384
16384 16384
-14976 -14976
-16384 -16384
-16384 -16384
-16384 -16384
-16384 -16384
-16384 -16384
-16384 -16384
-16384 -16384
-16384 -16384
-16384 -16384
-16384 -16384
-16384 -16384
14848 14848
16384 16384
16384 16384
16384 16384
16384 16384
16384 16384
16384 16384
16384 16384
16384 16384
16384 16384
16384 16384
16384 16384
16384 16384
16384 16384
16384 16384
16384 16384
16384 16384
16384 16384
16384 16384
16384 16384
16384 16384
16384 16384
16384 16384
16384 16384
16384 16384
16384 16384
16384 16384
16384 16384
16384 16384
16384 16384
16384 16384
16384 16384
16384 16384
16384 16384
7120 7120
-3800 -3800
-14720 -14720
-16384 -16384
-16384 -16384
-16384 -16384
-16384 -16384
-16384 -16384
-16384 -16384
-16384 -16384
-16384 -16384
-16384 -16384
-16384 -16384
-16384 -16384
-16384 -16384
-16384 -16384
-16384 -16384
-16384 -16384
-16384 -16384
-16384 -16384
-16384 -16384
-16384 -16384
-16384 -16384
-16384 -16384
-16384 -16384
-16384 -16384
-16384 -16384
-16384 -16384
-16384 -16384
-16384 -16384
-16384 -16384
-16384 -16384
-16384 -16384
-16384 -16384
-16384 -16384
-16384 -16384
-16384 -16384
-16384 -16384
-16384 -16384
-16384 -16384
-16384 -16384
-16384 -16384
-16384 -16384
-16384 -16384
-16384 -16384
-16384 -16384
-16384 -16384
-16384 -16384
-7248 -7248
3672 3672
14592 14592
16384 16384
16384 16384
16384 16384
16384 16384
16384 16384
16384 16384
16384 16384
16384 16384
16384 16384
16384 16384
16384 16384
16384 16384
16384 16384
16384 16384
16384 16384
16384 16384
16384 16384
16384 16384
16384 16384
16384 16384
16384 16384
16384 16384
16384 16384
16384 16384
16384 16384
16384 16384
16384 16384
16384 16384
16384 16384
16384 16384
16384 16384
16384 16384
16384 16384
16384 16384
16384 16384
16384 16384
16384 16384
16384 16384
16384 16384
16384 16384
16384 16384
16384 16384
16384 16384
16384 16384
16384 16384
7376 7376
-3544 -3544
-14464 -14464
-16384 -16384
-16384 -16384
-16384 -16384
-16384 -16384
-16384 -16384
-16384 -16384
-16384 -16384
-16384 -16384
-16384 -16384
-16384 -16384
-16384 -16384
-16384 -16384
-16384 -16384
-16384 -16384
-16384 -16384
-16384 -16384
-16384 -16384
-16384 -16384
-16384 -16384
-16384 -16384
-16384 -16384
-16384 -16384
-16384 -16384
-16384 -16384
-16384 -16384
-16384 -16384
-16384 -16384
-16384 -16384
-16384 -16384
-16384 -16384
-16384 -16384
-16384 -16384
-16384 -16384
-7504 -7504
14336 14336
16384 16384
16384 16384
16384 16384
16384 16384
16384 16384
16384 16384
16384 16384
16384 16384
16384 16384
16384 16384
16384 16384
16384 16384
16384 16384
16384 16384
16384 16384
16384 16384
16384 16384
16384 16384
16384 16384
16384 16384
16384 16384
16384 16384
7632 7632
-14208 -14208
-16384 -16384
-16384 -16384
-16384 -16384
-16384 -16384
-16384 -16384
-16384 -16384
-16384 -16384
-16384 -16384
-16384 -16384
-16384 -16384
-16384 -16384
-16384 -16384
-16384 -16384
-16384 -16384
-16384 -16384
-16384 -16384
-16384 -16384
-16384 -16384
-16384 -16384
-16384 -16384
-16384 -16384
-16384 -16384
-7760 -7760
14080 14080
16384 16384
16384 16384
16384 16384
16384 16384
16384 16384
16384 16384
16384 16384
16384 16384
16384 16384
16384 16384
16384 16384
16384 16384
16384 16384
16384 16384
16384 16384
16384 16384
16384 16384
16384 16384
16384 16384
16384 16384
16384 16384
16384 16384
7888 7888
-13952 -13952
-16384 -16384
-16384 -16384
-16384 -16384
-16384 -16384
-16384 -16384
-16384 -16384
-16384 -16384
-16384 -16384
-16384 -16384
-16384 -16384
-16384 -16384
-16384 -16384
-16384 -16384
-16384 -16384
-16384 -16384
-16384 -16384
-16384 -16384
-16384 -16384
-16384 -16384
-16384 -16384
-16384 -16384
-16384 -16384
-8016 -8016
13824 13824
16384 16384
16384 16384
16384 16384
16384 16384
16384 16384
16384 16384
16384 16384
16384 16384
16384 16384
16384 16384
16384 16384
16384 16384
16384 16384
16384 16384
16384 16384
16384 16384
16384 16384
16384 16384
16384 16384
16384 16384
16384 16384
16384 16384
8144 8144
-13696 -13696
-16384 -16384
-16384 -16384
-16384 -16384
-16384 -16384
-16384 -16384
-16384 -16384
-16384 -16384
-16384 -16384
-16384 -16384
-16384 -16384
-16384 -16384
-16384 -16384
-16384 -16384
-16384 -16384
-16384 -16384
-16384 -16384
-16384 -16384
-16384 -16384
-16384 -16384
-8272 -8272
16384 16384
16384 16384
16384 16384
16384 16384
16384 16384
16384 16384
16384 16384
16384 16384
16384 16384
16384 16384
16384 16384
8400 8400
-16384 -16384
-16384 -16384
-16384 -16384
-16384 -16384
-16384 -16384
-16384 -16384
-16384 -16384
-16384 -16384
-16384 -16384
-16384 -16384
-16384 -16384
-8528 -8528
16384 16384
16384 16384
16384 16384
16384 16384
16384 16384
16384 16384
16384 16384
16384 16384
16384 16384
16384 16384
16384 16384
8656 8656
-16384 -16384
-16384 -16384
-16384 -16384
-16384 -16384
-16384 -16384
-16384 -16384
-16384 -16384
-16384 -16384
-16384 -16384
-16384 -16384
-16384 -16384
-8784 -8784
16384 16384
16384 16384
16384 16384
16384 16384
16384 16384
16384 16384
16384 16384
16384 16384
16384 16384
16384 16384
16384 16384
8912 8912
-16384 -16384
-16384 -16384
-16384 -16384
-16384 -16384
-16384 -16384
-16384 -16384
-16384 -16384
-16384 -16384
-16384 -16384
-16384 -16384
-16384 -16384
-9040 -9040
16384 16384
16384 16384
16384 16384
16384 16384
16384 16384
16384 16384
16384 16384
16384 16384
16384 16384
16384 16384
16384 16384
9168 9168
-16384 -16384
-16384 -16384
-16384 -16384
-16384 -16384
-16384 -16384
-16384 -16384
-16384 -16384
-16384 -16384
-16384 -16384
-16384 -16384
-16384 -16384
-9296 -9296
16384 16384
16384 16384
16384 16384
16384 16384
16384 16384
16384 16384
16384 16384
16384 16384
16384 16384
16384 16384
16384 16384
9424 9424
-16384 -16384
-16384 -16384
-16384 -16384
-16384 -16384
-16384 -16384
-16384 -16384
-16384 -16384
-16384 -16384
-16384 -16384
-16384 -16384
-16384 -16384
-9552 -9552
16384 16384
16384 16384
16384 16384
16384 16384
16384 16384
16384 16384
16384 16384
16384 16384
16384 16384
16384 16384
16384 16384
9680 9680
-16384 -16384
-16384 -16384
-16384 -16384
-16384 -16384
-16384 -16384
-16384 -16384
-16384 -16384
-16384 -16384
-16384 -16384
-16384 -16384
-16384 -16384
-9808 -9808
16384 16384
16384 16384
16384 16384
16384 16384
16384 16384
16384 16384
16384 16384
-16384 -16384
-16384 -16384
-16384 -16384
-16384 -16384
-16384 -16384
-16384 -16384
16384 16384
16384 16384
16384 16384
16384 16384
16384 16384
16384 16384
-16384 -16384
-16384 -16384
-16384 -16384
-16384 -16384
-16384 -16384
-16384 -16384
16384 16384
16384 16384
16384 16384
16384 16384
16384 16384
16384 16384
-16384 -16384
-16384 -16384
-16384 -16384
-16384 -16384
-16384 -16384
-16384 -16384
16384 16384
16384 16384
16384 16384
16384 16384
16384 16384
16384 16384
-16384 -16384
-16384 -16384
-16384 -16384
-16384 -16384
-16384 -16384
-16384 -16384
16384 16384
16384 16384
16384 16384
16384 16384
16384 16384
16384 16384
-16384 -16384
-16384 -16384
-16384 -16384
-16384 -16384
-16384 -16384
-16384 -16384
16384 16384
16384 16384
16384 16384
16384 16384
16384 16384
16384 16384
-16384 -16384
-16384 -16384
-16384 -16384
-16384 -16384
-16384 -16384
-16384 -16384
16384 16384
16384 16384
16384 16384
16384 16384
16384 16384
16384 16384
-16384 -16384
-16384 -16384
-16384 -16384
-16384 -16384
-16384 -16384
-16384 -16384
16384 16384
16384 16384
16384 16384
16384 16384
16384 16384
16384 16384
-16384 -16384
-16384 -16384
-16384 -16384
-16384 -16384
-16384 -16384
-16384 -16384
16384 16384
16384 16384
16384 16384
16384 16384
16384 16384
16384 16384
-16384 -16384
-16384 -16384
-16384 -16384
-16384 -16384
-16384 -16384
-16384 -16384
16384 16384
16384 16384
16384 16384
16384 16384
16384 16384
16384 16384
-16384 -16384
-16384 -16384
-16384 -16384
-16384 -16384
-16384 -16384
-16384 -16384
16384 16384
16384 16384
16384 16384
16384 16384
16384 16384
16384 16384
-16384 -16384
-16384 -16384
-16384 -16384
-16384 -16384
-16384 -16384
-16384 -16384
16384 16384
16384 16384
16384 16384
16384 16384
16384 16384
16384 16384
-16384 -16384
-16384 -16384
-16384 -16384
-16384 -16384
-16384 -16384
-16384 -16384
16384 16384
16384 16384
16384 16384
16384 16384
16384 16384
16384 16384
-16384 -16384
-16384 -16384
-16384 -16384
-16384 -16384
-16384 -16384
-16384 -16384
16384 16384
16384 16384
16384 16384
16384 16384
16384 16384
16384 16384
-16384 -16384
-16384 -16384
-16384 -16384
-16384 -16384
-16384 -16384
-16384 -16384
16384 16384
16384 16384
16384 16384
16384 16384
16384 16384
16384 16384
-16384 -16384
-16384 -16384
-16384 -16384
-16384 -16384
-16384 -16384
-16384 -16384
16384 16384
16384 16384
16384 16384
16384 16384
16384 16384
16384 16384
-16384 -16384
-16384 -16384
-16384 -16384
-16384 -16384
-16384 -16384
-16384 -16384
16384 16384
16384 16384
16384 16384
16384 16384
16384 16384
16384 16384
-16384 -16384
-16384 -16384
-16384 -16384
-16384 -16384
-16384 -16384
-16384 -16384
16384 16384
16384 16384
16384 16384
16384 16384
16384 16384
16384 16384
-16384 -16384
-16384 -16384
-16384 -16384
-16384 -16384
-16384 -16384
-16384 -16384
16384 16384
16384 16384
16384 16384
16384 16384
16384 16384
16384 16384
-16384 -16384
-16384 -16384
-16384 -16384
-16384 -16384
-16384 -16384
-16384 -16384
16384 16384
16384 16384
16384 16384
16384 16384
16384 16384
16384 16384
-16384 -16384
-16384 -16384
-16384 -16384
-16384 -16384
-16384 -16384
-16384 -16384
16384 16384
16384 16384
16384 16384
16384 16384
16384 16384
16384 16384
-16384 -16384
-16384 -16384
-16384 -16384
-16384 -16384
-16384 -16384
-16384 -16384
16384 16384
16384 16384
16384 16384
16384 16384
16384 16384
16384 16384
-16384 -16384
-16384 -16384
-16384 -16384
-16384 -16384
-16384 -16384
-16384 -16384
16384 16384
16384 16384
16384 16384
16384 16384
16384 16384
16384 16384
-16384 -16384
-16384 -16384
-16384 -16384
-16384 -16384
-16384 -16384
-16384 -16384
16384 16384
16384 16384
16384 16384
16384 16384
16384 16384
16384 16384
-16384 -16384
-16384 -16384
-16384 -16384
-16384 -16384
-16384 -16384
-16384 -16384
16384 16384
16384 16384
16384 16384
16384 16384
16384 16384
16384 16384
-16384 -16384
-16384 -16384
-16384 -16384
-16384 -16384
-16384 -16384
-16384 -16384
16384 16384
16384 16384
