0 0
-16192 -16192
-14955 -14955
-14251 -14251
-5833 -5833
10414 10414
10816 10816
3951 3951
-8406 -8406
-7221 -7221
14407 14407
-17993 -17993
-17449 -17449
7071 7071
972 972
360 360
-3417 -3417
-24698 -24698
-24323 -24323
-12813 -12813
0 0
-9760 -9760
6439 6439
14521 14521
14913 14913
14414 14414
3397 3397
3395 3395
3803 3803
-22736 -22736
-20899 -20899
-4705 -4705
-2640 -2640
-4146 -4146
-15925 -15925
12240 12240
11734 11734
7070 7070
-8195 -8195
-4606 -4606
11017 11017
-20951 -20951
-17318 -17318
2904 2904
-218 -218
-1107 -1107
-8458 -8458
-26832 -26832
-25017 -25017
0 0
-10860 -10860
-7402 -7402
10677 10677
15852 15852
-13385 -13385
10501 10501
1880 1880
2086 2086
-1484 -1484
-25051 -25051
-21337 -21337
-8305 -8305
-3332 -3332
-6281 -6281
3224 3224
13828 13828
12973 12973
9867 9867
-8561 -8561
5636 5636
5473 5473
-23589 -23589
-17508 -17508
-711 -711
-1167 -1167
-2984 -2984
-13177 -13177
-28643 -28643
9280 9280
2030 2030
-10713 -10713
-4722 -4722
14594 14594
-22318 -22318
-13318 -13318
6398 6398
684 684
456 456
-6224 -6224
-27119 -27119
-22095 -22095
-11583 -11583
0 0
-8032 -8032
7398 7398
15094 15094
14533 14533
11434 11434
2338 2338
4262 4262
249 249
-25904 -25904
-17901 -17901
-4246 -4246
-1795 -1795
-5183 -5183
-17575 -17575
13584 13584
10583 10583
4763 4763
-10887 -10887
-1722 -1722
6693 6693
-24890 -24890
-13573 -13573
2616 2616
-144 -144
-1372 -1372
-10879 -10879
-28867 -28867
-23175 -23175
0 0
-12782 -12782
-5289 -5289
11250 11250
16040 16040
-8869 -8869
9442 9442
1206 1206
2568 2568
-4652 -4652
-27857 -27857
-18724 -18724
-7460 -7460
-2102 -2102
-7703 -7703
4568 4568
14786 14786
12208 12208
7175 7175
-11541 -11541
6888 6888
1534 1534
-27142 -27142
-14148 -14148
-637 -637
-708 -708
-3635 -3635
-15212 -15212
-30293 -30293
7744 7744
108 108
-13020 -13020
-2223 -2223
14782 14782
-26642 -26642
-9187 -9187
5724 5724
396 396
552 552
-9030 -9030
-29540 -29540
-19868 -19868
-10353 -10353
0 0
-6304 -6304
8356 8356
15667 15667
14154 14154
8453 8453
1279 1279
5129 5129
-3304 -3304
-29072 -29072
-14902 -14902
-3787 -3787
-951 -951
-6219 -6219
-19225 -19225
14928 14928
9433 9433
2456 2456
-13580 -13580
1163 1163
2368 2368
-28829 -28829
-9827 -9827
2328 2328
-71 -71
-1638 -1638
-13300 -13300
-30903 -30903
-21333 -21333
0 0
-14703 -14703
-3175 -3175
11823 11823
16227 16227
-4352 -4352
8383 8383
266 533
1524 3049
-3910 -7820
-15332 -30664
-8056 -16111
-3308 -6616
-436 -872
-4563 -9125
2956 5912
7872 15745
5721 11443
2241 4482
-7261 -14522
4070 8141
-1203 -2405
-15348 -30696
-5394 -10788
-282 -564
-125 -249
-2143 -4286
-8624 -17248
-15972 -31943
3104 6208
-907 -1813
-7664 -15327
138 276
7484 14969
-15484 -30967
-2528 -5056
2525 5051
54 108
324 648
-5919 -11837
-15981 -31961
-8820 -17640
-4562 -9123
0 0
-2288 -4576
4657 9315
8120 16240
6887 13774
2736 5473
110 220
2998 5996
-3429 -6858
-16120 -32240
-5952 -11904
-1664 -3328
-53 -106
-3628 -7256
-10438 -20875
8136 16272
4141 8282
74 149
-8136 -16272
2023 4047
-978 -1956
-16384 -32768
-3041 -6082
1020 2040
2 4
-952 -1903
-7861 -15721
-16292 -32583
-9746 -19491
0 0
-8084 -16168
-531 -1062
6198 12396
8160 16320
82 164
3662 7324
90 180
1765 3531
-5494 -10988
-16010 -32019
-6749 -13498
-2886 -5771
-152 -303
-5274 -10547
3628 7256
8000 16000
5339 10678
895 1790
-7652 -15303
4696 9393
-3172 -6344
-15604 -31208
-3714 -7428
-245 -490
-61 -122
-2469 -4937
-9642 -19283
-15924 -31847
2336 4672
-1868 -3735
-7620 -15240
1387 2775
7578 15157
-15067 -30134
-232 -925
1094 4377
75 300
186 744
-3661 -14643
-7757 -31026
-3854 -15413
-1974 -7893
-252 -1008
-712 -2848
2568 10273
3952 15810
3348 13395
623 2492
247 991
1715 6863
-2603 -10411
-7492 -29968
-2227 -8905
-718 -2869
-143 -570
-2073 -8292
-5632 -22525
3744 14976
1783 7132
-540 -2158
-3498 -13990
1733 6932
-1571 -6281
-7160 -28637
-584 -2336
438 1752
25 100
-543 -2169
-4536 -18142
-7589 -30355
-4413 -17649
0 0
-3610 -14440
263 1052
3242 12969
3985 15941
1170 4681
1566 6265
261 1047
1003 4012
-3539 -14156
-7255 -29020
-2722 -10885
-1232 -4927
-335 -1339
-2993 -11969
2150 8600
3712 14850
2478 9913
-226 -903
-3105 -12418
2661 10646
-2571 -10283
-6866 -27462
-1017 -4068
-105 -417
-97 -388
-1397 -5588
-5330 -21319
-7502 -30005
784 3136
-1414 -5656
-3282 -13126
1318 5274
3836 15344
-6405 -25617
801 3206
926 3704
195 782
210 840
-4363 -17450
-7104 -28413
-3297 -13185
-1666 -6663
-608 -2430
-280 -1120
2808 11232
3761 15045
3253 13015
-122 -488
561 2244
1932 7730
-3492 -13965
-6652 -26608
-1477 -5907
-603 -2410
-306 -1221
-2333 -9329
-6044 -24175
3360 13440
1495 5981
-1117 -4465
-2873 -11491
2454 9816
-1326 -10605
-3064 -24506
176 1409
183 1464
24 196
-305 -2434
-2571 -20563
-3516 -28128
-1976 -15807
0 0
-1589 -12712
395 3165
1692 13542
1945 15561
1149 9197
650 5206
239 1914
561 4494
-2166 -17324
-3253 -26022
-1034 -8272
-511 -4082
-297 -2376
-1674 -13391
1243 9944
1712 13699
1143 9148
-450 -3595
-1192 -9534
1487 11898
-1778 -14222
-2965 -23717
-89 -708
-43 -343
-82 -653
-780 -6239
-2920 -23354
-3521 -28163
200 1600
-948 -7578
-1377 -11013
971 7773
1941 15532
-2638 -21101
917 7337
378 3030
157 1263
117 936
-2532 -20256
-3225 -25800
-1370 -10958
-680 -5433
-482 -3852
76 608
1523 12190
1785 14280
1579 12636
-434 -3469
437 3496
1074 8597
-2190 -17518
-2906 -23248
-364 -2908
-244 -1951
-234 -1872
-1296 -10365
-3229 -25825
1488 11904
603 4831
-847 -6772
-1124 -8992
1587 12701
-1867 -14930
-2547 -20375
644 5155
147 1176
36 292
-338 -2700
-2873 -22984
-3238 -25900
-1746 -13965
0 0
-1373 -10984
659 5279
1764 14115
1897 15182
1714 13714
518 4147
347 2781
621 4975
-2562 -20492
-2878 -23023
-708 -5659
-405 -3238
-427 -3412
-1852 -14813
1411 11288
1568 12549
1047 8383
-786 -6288
0 0
0 0
0 0
0 0
0 0
0 0
0 0
0 0
0 0
0 0
0 0
0 0
0 0
0 0
0 0
0 0
0 0
0 0
0 0
0 0
0 0
0 0
0 0
0 0
0 0
0 0
0 0
0 0
0 0
0 0
0 0
0 0
0 0
0 0
0 0
0 0
0 0
0 0
0 0
0 0
0 0
0 0
0 0
0 0
0 0
0 0
0 0
0 0
0 0
0 0
0 0
0 0
0 0
0 0
0 0
0 0
0 0
0 0
0 0
0 0
0 0
0 0
0 0
0 0
0 0
0 0
0 0
0 0
0 0
0 0
0 0
0 0
0 0
0 0
0 0
0 0
0 0
0 0
0 0
0 0
0 0
0 0
0 0
0 0
0 0
0 0
0 0
0 0
0 0
0 0
0 0
0 0
0 0
0 0
0 0
0 0
0 0
0 0
0 0
0 0
9082 1135
-9430 -1179
6001 750
4324 540
-24625 -3079
-16528 -2066
-690 -87
-1033 -130
-3174 -397
-13770 -1722
-29125 -3641
8832 1104
1469 183
-11386 -1424
-3994 -500
14649 1831
-23579 -2948
-12113 -1515
6201 775
600 75
484 60
-7042 -881
-27826 -3479
-21445 -2681
-11224 -1403
0 0
-7528 -941
7677 959
15261 1907
14423 1802
10564 1320
2029 253
4515 564
-787 -99
-26828 -3354
-17026 -2129
-4112 -514
-1549 -194
-5485 -686
-18056 -2257
13976 1747
10248 1281
4090 511
-11673 -1460
-880 -110
5431 678
-26039 -3255
-12480 -1560
2532 316
-123 -16
-1450 -182
-11585 -1449
-29461 -3683
-22637 -2830
0 0
-13342 -1668
-4672 -584
11418 1427
16094 2011
-7551 -944
9133 1141
1010 126
2708 338
-5576 -697
-28676 -3585
-17961 -2246
-7214 -902
-1743 -218
-8118 -1015
4960 620
15066 1883
11985 1498
6390 798
-12410 -1552
7254 906
385 48
-28179 -3523
-13168 -1646
-616 -77
-574 -72
-3825 -479
-15806 -1976
-30775 -3847
7296 912
-452 -57
-13693 -1712
-1495 -187
14837 1854
-27903 -3488
-7982 -998
5528 691
312 39
580 72
-9849 -1232
-30247 -3781
-19218 -2403
-9994 -1250
0 0
-5800 -725
8636 1079
15834 3958
14043 3510
7584 1896
970 242
5382 1345
-4340 -1085
-29996 -7499
-14028 -3507
-3653 -914
-704 -176
-6522 -1631
-19706 -4927
15320 3830
9097 2274
1783 445
-14365 -3592
2004 501
1107 276
-29978 -7495
-8735 -2184
2244 561
-49 -13
-1715 -429
-14006 -3502
-31496 -7874
-20795 -5199
0 0
-15264 -3816
-2559 -640
11991 2997
16282 4070
-3035 -759
8074 2018
336 84
3189 797
-8744 -2186
-31482 -7871
-15348 -3837
-6369 -1593
-513 -129
-9540 -2385
6304 1576
16024 4006
11220 2805
3697 924
-15391 -3848
8506 2126
-3554 -889
-31732 -7933
-9808 -2452
-543 -136
-115 -29
-4476 -1119
-17841 -4461
-32425 -8107
5760 1440
-2374 -594
-16000 -4000
1004 251
15024 3756
-32228 -8057
-3851 -963
4854 1213
24 6
676 169
-12655 -3164
-32668 -8167
-16990 -4248
-8764 -2191
0 0
-4072 -1018
9594 2398
16352 4088
13664 3416
4603 1150
104 26
6249 1562
-7894 -1974
-32348 -8087
-11029 -2758
-3194 -799
-109 -28
-7558 -1890
-21356 -5339
16064 4016
7947 1986
-524 -131
-15760 -3940
4889 1222
-3218 -805
-31564 -7891
-4989 -1248
1956 489
32 8
-1981 -496
-16427 -4107
-31933 -7984
-18953 -4739
0 0
-15664 -3916
-445 -112
12564 3141
16210 4052
1482 370
7015 1753
433 108
3671 917
-11912 -2978
-31144 -7786
-12735 -3184
-5525 -1382
-605 -152
-10962 -2741
7648 1912
15664 3916
10455 2613
1005 251
-14461 -3616
9759 2439
-7493 -1874
-30115 -7529
-6448 -1612
-469 -118
-200 -50
-5127 -1282
-19877 -4970
-31310 -7828
4224 1056
-4295 -1074
-14623 -3656
3503 875
15212 3803
-28817 -7205
280 70
4181 1045
441 110
772 193
-15462 -3866
-30264 -7566
-14763 -3691
-7534 -1884
-1422 -356
-2344 -586
10553 2638
15587 3896
13284 3321
1623 405
1356 339
7116 1779
-11447 -2862
-28988 -7247
-8031 -2008
-2735 -684
-760 -190
-8595 -2149
-23006 -5752
14528 3632
6796 1699
-2831 -708
-13261 -3316
7773 1943
-7542 -1886
-27433 -6859
-1244 -311
1668 417
128 32
-2246 -562
-18848 -4712
-29706 -7427
-17111 -4278
0 0
-13936 -3484
1668 417
13137 3284
15830 3957
5998 1499
5956 1489
1300 325
4152 1038
-15080 -3770
-28146 -7037
-10122 -2531
-4680 -1170
-1642 -411
-12384 -3096
8992 2248
14514 3628
9690 2422
-1688 -422
-11577 -2895
11011 2752
-11432 -2858
-26370 -6593
-3088 -772
-396 -99
-465 -117
-5778 -1445
-21912 -5478
-29468 -7367
2688 672
-6217 -1555
-12510 -3128
6002 1500
15399 3849
-24300 -6075
4411 1102
3507 876
922 230
868 217
-18268 -4567
-27651 -6913
-12535 -3134
-6304 -1576
-2844 -711
-616 -154
11511 2877
14822 3705
12905 3226
-1358 -340
2609 652
7983 1995
-15001 -3751
-25628 -6407
-5032 -1258
-2276 -569
-1411 -353
-9631 -2408
-24656 -6164
12992 3248
5646 1411
-5138 -1285
-10762 -2691
10658 2664
-11867 -2967
-23302 -5826
2502 625
1380 345
224 56
-2512 -628
-21269 -5318
-27478 -6870
-15269 -3818
0 0
-12208 -3052
3782 945
13710 3427
15451 3862
10515 2628
4897 1224
2167 541
4634 1158
-18248 -4562
-25147 -6287
-7509 -1878
-3836 -959
-2678 -670
-13806 -3452
10336 2584
13363 3340
8925 2231
-4380 -1095
-8692 -2173
12264 3066
-15371 -3843
-22624 -5656
272 68
-322 -81
-731 -183
-6429 -1608
-23948 -5987
-27626 -6907
1152 288
-8138 -2035
-10396 -2599
8501 2125
15587 3896
-19784 -4946
8542 2135
2834 708
1404 351
964 241
-21075 -5269
-25038 -6260
-10308 -2577
-5074 -1269
-4266 -1067
1112 278
12470 3117
14057 3514
12525 3131
-4338 -1085
3861 965
8850 2212
-18554 -4639
-22268 -5567
-2034 -509
-1817 -455
-2062 -516
-10668 -2667
-26306 -6577
