1 08 00 1000
1 20 00 1000
1 38 03 1000
1 50 35 1000
1 80 00 1000
1 98 f0 1000
1 b0 00 1000
1 c8 f7 1000
1 e0 00 1000
1 09 02 1000
1 21 00 1000
1 39 f4 1000
1 51 41 1000
1 81 00 1000
1 99 e2 1000
1 b1 21 1000
1 c9 f6 1000
1 e1 00 1000
2 68 a0 1000
2 69 ae 1000
40 03 00 1700
40 04 00 1720
40 05 3c 1740
40 06 00 1750
40 06 80 1790
40 06 00 1830
40 06 00 1870
41 06 00 1750
41 06 ff 1790
41 06 e0 1830
41 06 00 1870
42 06 f0 1750
42 06 00 1790
42 06 f6 1830
42 06 00 1870
45 03 00 1700
45 04 80 1720
45 05 00 1740
45 06 78 1750
45 06 70 1790
45 06 68 1830
45 06 60 1870
46 06 58 1750
46 06 50 1790
46 06 48 1830
46 06 40 1870
47 06 38 1750
47 06 30 1790
47 06 28 1830
47 06 20 1870
48 06 18 1750
48 06 10 1790
48 06 08 1830
48 06 00 1870
49 06 f8 1750
49 06 f0 1790
49 06 e8 1830
49 06 e0 1870
50 06 d8 1750
50 06 d0 1790
50 06 c8 1830
50 06 c0 1870
51 06 b8 1750
51 06 b0 1790
51 06 a8 1830
51 06 a0 1870
52 06 98 1750
52 06 90 1790
52 06 88 1830
52 06 80 1870
57 0a 05 1000
57 22 80 1000
57 3a 02 1000
57 52 39 1000
57 82 00 1000
57 9a f0 1000
57 b2 00 1000
57 ca f7 1000
57 e2 00 1000
58 6a a3 1000
300 03 00 1700
300 04 10 1720
300 05 00 1740
300 06 7d 1750
300 06 64 1790
300 06 6f 1830
300 06 16 1870
301 06 19 1750
301 06 00 1790
301 06 0b 1830
301 06 32 1870
302 06 25 1750
302 06 2c 1790
302 06 d7 1830
302 06 de 1870
303 06 c1 1750
303 06 c8 1790
303 06 f3 1830
303 06 fa 1870
304 06 ed 1750
304 06 94 1790
304 06 9f 1830
304 06 86 1870
305 06 89 1750
305 06 b0 1790
305 06 bb 1830
305 06 a2 1870
306 06 55 1750
306 06 5c 1790
306 06 47 1830
306 06 4e 1870
307 06 71 1750
307 06 78 1790
307 06 63 1830
307 06 6a 1870
308 06 1d 1750
308 06 04 1790
308 06 0f 1830
308 06 36 1870
309 06 39 1750
309 06 20 1790
309 06 2b 1830
309 06 d2 1870
310 06 c5 1750
310 06 cc 1790
310 06 f7 1830
310 06 fe 1870
311 06 e1 1750
311 06 e8 1790
311 06 93 1830
311 06 9a 1870
312 06 8d 1750
312 06 b4 1790
312 06 bf 1830
312 06 a6 1870
313 06 a9 1750
313 06 50 1790
313 06 5b 1830
313 06 42 1870
314 06 75 1750
314 06 7c 1790
314 06 67 1830
314 06 6e 1870
315 06 11 1750
315 06 18 1790
315 06 03 1830
315 06 0a 1870
320 03 00 1700
320 04 30 1720
320 05 00 1740
320 06 a3 1750
320 06 ae 1790
320 06 b9 1830
320 06 84 1870
321 06 97 1750
321 06 e2 1790
321 06 ed 1830
321 06 f8 1870
322 06 cb 1750
322 06 d6 1790
322 06 21 1830
322 06 2c 1870
323 06 3f 1750
323 06 0a 1790
323 06 15 1830
323 06 60 1870
324 06 73 1750
324 06 7e 1790
324 06 49 1830
324 06 54 1870
325 06 a7 1750
325 06 b2 1790
325 06 bd 1830
325 06 88 1870
326 06 9b 1750
326 06 e6 1790
326 06 f1 1830
326 06 fc 1870
327 06 cf 1750
327 06 da 1790
327 06 25 1830
327 06 30 1870
328 06 03 1750
328 06 0e 1790
328 06 19 1830
328 06 64 1870
329 06 77 1750
329 06 42 1790
329 06 4d 1830
329 06 58 1870
330 06 ab 1750
330 06 b6 1790
330 06 81 1830
330 06 8c 1870
331 06 9f 1750
331 06 ea 1790
331 06 f5 1830
331 06 c0 1870
420 08 00 1000
