1 0c 02 1000
1 24 00 1000
1 3c 04 1000
1 54 01 1000
1 6c a0 1000
5 24 72 1780
5 3c 04 1780
8 24 50 1780
11 24 2e 1780
14 24 0c 1780
17 24 ea 1780
20 24 c8 1780
23 24 a6 1780
26 24 84 1780
29 24 62 1780
32 24 40 1780
35 24 1e 1780
35 3c 03 1780
38 24 fc 1780
41 24 da 1780
44 24 b8 1780
47 24 96 1780
50 24 74 1780
53 24 52 1780
56 24 30 1780
59 24 0e 1780
62 24 ec 1780
65 24 ca 1780
65 3c 03 1780
68 24 a8 1780
71 24 86 1780
74 24 64 1780
77 24 42 1780
80 24 20 1780
83 24 fe 1780
86 24 dc 1780
89 24 ba 1780
92 24 98 1780
95 24 76 1780
95 3c 04 1780
98 24 54 1780
101 24 32 1780
104 24 10 1780
107 24 ee 1780
110 24 cc 1780
113 24 aa 1780
116 24 88 1780
119 24 66 1780
122 24 44 1780
125 24 22 1780
125 3c 03 1780
128 24 00 1780
131 24 de 1780
134 24 bc 1780
137 24 9a 1780
140 24 78 1780
143 24 56 1780
146 24 34 1780
149 24 12 1780
152 24 f0 1780
155 24 ce 1780
155 3c 03 1780
158 24 ac 1780
161 24 8a 1780
164 24 68 1780
167 24 46 1780
170 24 24 1780
173 24 02 1780
176 24 e0 1780
179 24 be 1780
182 24 9c 1780
185 24 7a 1780
185 3c 04 1780
188 24 58 1780
191 24 36 1780
194 24 14 1780
197 24 f2 1780
200 24 d0 1780
203 24 ae 1780
206 24 8c 1780
209 24 6a 1780
212 24 48 1780
215 24 26 1780
215 3c 03 1780
218 24 04 1780
221 24 e2 1780
224 24 c0 1780
227 24 9e 1780
230 24 7c 1780
233 24 5a 1780
236 24 38 1780
239 24 16 1780
242 24 f4 1780
245 24 d2 1780
245 3c 03 1780
248 24 b0 1780
251 24 8e 1780
254 24 6c 1780
257 24 4a 1780
260 24 28 1780
263 24 06 1780
266 24 e4 1780
269 24 c2 1780
272 24 a0 1780
275 24 7e 1780
275 3c 04 1780
278 24 5c 1780
281 24 3a 1780
284 24 18 1780
287 24 f6 1780
290 24 d4 1780
293 24 b2 1780
296 24 90 1780
299 24 6e 1780
302 24 4c 1780
305 24 2a 1780
305 3c 03 1780
308 24 08 1780
311 24 e6 1780
314 24 c4 1780
317 24 a2 1780
320 24 80 1780
323 24 5e 1780
326 24 3c 1780
329 24 1a 1780
332 24 f8 1780
335 24 d6 1780
335 3c 03 1780
338 24 b4 1780
341 24 92 1780
344 24 70 1780
347 24 4e 1780
350 24 2c 1780
353 24 0a 1780
356 24 e8 1780
359 24 c6 1780
362 24 a4 1780
365 24 82 1780
365 3c 04 1780
368 24 60 1780
371 24 3e 1780
374 24 1c 1780
377 24 fa 1780
380 24 d8 1780
383 24 b6 1780
386 24 94 1780
389 24 72 1780
392 24 50 1780
395 24 2e 1780
395 3c 03 1780
398 24 0c 1780
401 24 ea 1780
404 24 c8 1780
407 24 a6 1780
410 24 84 1780
413 24 62 1780
416 24 40 1780
419 24 1e 1780
422 24 fc 1780
425 24 da 1780
425 3c 03 1780
428 24 b8 1780
431 24 96 1780
434 24 74 1780
437 24 52 1780
440 24 30 1780
443 24 0e 1780
446 24 ec 1780
449 24 ca 1780
452 24 a8 1780
455 24 86 1780
455 3c 04 1780
458 24 64 1780
461 24 42 1780
464 24 20 1780
467 24 fe 1780
470 24 dc 1780
473 24 ba 1780
476 24 98 1780
479 24 76 1780
482 24 54 1780
485 24 32 1780
485 3c 03 1780
488 24 10 1780
491 24 ee 1780
494 24 cc 1780
497 24 aa 1780
500 24 88 1780
503 24 66 1780
506 24 44 1780
509 24 22 1780
512 24 00 1780
515 24 de 1780
515 3c 03 1780
518 24 bc 1780
521 24 9a 1780
524 24 78 1780
527 24 56 1780
530 24 34 1780
533 24 12 1780
536 24 f0 1780
539 24 ce 1780
542 24 ac 1780
545 24 8a 1780
545 3c 04 1780
548 24 68 1780
551 24 46 1780
554 24 24 1780
557 24 02 1780
560 24 e0 1780
563 24 be 1780
566 24 9c 1780
569 24 7a 1780
572 24 58 1780
575 24 36 1780
575 3c 03 1780
578 24 14 1780
581 24 f2 1780
584 24 d0 1780
587 24 ae 1780
590 24 8c 1780
593 24 6a 1780
596 24 48 1780
599 24 26 1780
602 24 04 1780
605 24 e2 1780
605 3c 03 1780
608 24 c0 1780
611 24 9e 1780
614 24 7c 1780
617 24 5a 1780
620 24 38 1780
623 24 16 1780
626 24 f4 1780
629 24 d2 1780
632 24 b0 1780
635 24 8e 1780
635 3c 04 1780
638 24 6c 1780
641 24 4a 1780
644 24 28 1780
647 24 06 1780
650 24 e4 1780
653 24 c2 1780
656 24 a0 1780
659 24 7e 1780
662 24 5c 1780
665 24 3a 1780
665 3c 03 1780
668 24 18 1780
671 24 f6 1780
674 24 d4 1780
677 24 b2 1780
680 24 90 1780
683 24 6e 1780
686 24 4c 1780
689 24 2a 1780
692 24 08 1780
695 24 e6 1780
695 3c 03 1780
698 24 c4 1780
701 24 a2 1780
704 24 80 1780
707 24 5e 1780
710 24 3c 1780
713 24 1a 1780
716 24 f8 1780
719 24 d6 1780
722 24 b4 1780
725 24 92 1780
725 3c 04 1780
728 24 70 1780
731 24 4e 1780
734 24 2c 1780
737 24 0a 1780
740 24 e8 1780
743 24 c6 1780
746 24 a4 1780
749 24 82 1780
752 24 60 1780
755 24 3e 1780
755 3c 03 1780
758 24 1c 1780
761 24 fa 1780
764 24 d8 1780
767 24 b6 1780
770 24 94 1780
773 24 72 1780
776 24 50 1780
779 24 2e 1780
782 24 0c 1780
785 24 ea 1780
785 3c 03 1780
788 24 c8 1780
791 24 a6 1780
794 24 84 1780
797 24 62 1780
