1 08 00 1000
1 20 00 1000
1 38 f2 1000
1 50 7d 1000
1 80 00 1000
1 98 f0 1000
1 b0 00 1000
1 c8 f4 1000
1 e0 00 1000
1 09 01 1000
1 21 22 1000
1 39 02 1000
1 51 87 1000
1 81 00 1000
1 99 e1 1000
1 b1 11 1000
1 c9 f5 1000
1 e1 00 1000
2 68 a0 1000
2 69 a1 1000
2 0a 02 1000
2 22 44 1000
2 3a 12 1000
2 52 91 1000
2 82 00 1000
2 9a d2 1000
2 b2 22 1000
2 ca f6 1000
2 e2 00 1000
2 0b 03 1000
2 23 66 1000
2 3b 22 1000
2 53 9b 1000
2 83 00 1000
2 9b c3 1000
2 b3 33 1000
2 cb f7 1000
2 e3 00 1000
3 6a a2 1000
3 6b a3 1000
3 0c 7a 1000
3 24 88 1000
3 3c f2 1000
3 54 a5 1000
3 84 00 1000
3 9c f4 1000
3 b4 40 1000
3 cc f8 1000
3 e4 00 1000
3 0d 7b 1000
3 25 aa 1000
3 3d 02 1000
3 55 af 1000
3 85 00 1000
3 9d e0 1000
3 b5 51 1000
3 cd f9 1000
3 e5 00 1000
4 6c a4 1000
4 6d a5 1000
4 0e 04 1000
4 26 cc 1000
4 3e 12 1000
4 56 b9 1000
4 86 00 1000
4 9e d1 1000
4 b6 62 1000
4 ce fa 1000
4 e6 00 1000
4 0f 01 1000
4 27 ee 1000
4 3f 22 1000
4 57 c3 1000
4 87 00 1000
4 9f c2 1000
4 b7 73 1000
4 cf fb 1000
4 e7 00 1000
5 6e a6 1000
5 6f a7 1000
5 10 00 1000
5 28 10 1000
5 40 f3 1000
5 58 7d 1000
5 88 00 1000
5 a0 f3 1000
5 b8 00 1000
5 d0 f4 1000
5 e8 00 1000
5 11 01 1000
5 29 32 1000
5 41 03 1000
5 59 87 1000
5 89 00 1000
5 a1 e4 1000
5 b9 11 1000
5 d1 f5 1000
5 e9 00 1000
6 70 a7 1000
6 71 a9 1000
6 12 02 1000
6 2a 54 1000
6 42 13 1000
6 5a 91 1000
6 8a 00 1000
6 a2 d0 1000
6 ba 22 1000
6 d2 f6 1000
6 ea 00 1000
6 13 03 1000
6 2b 76 1000
6 43 23 1000
6 5b 9b 1000
6 8b 00 1000
6 a3 c1 1000
6 bb 33 1000
6 d3 f7 1000
6 eb 00 1000
7 72 aa 1000
7 73 ab 1000
7 14 7a 1000
7 2c 98 1000
7 44 f3 1000
7 5c a5 1000
7 8c 00 1000
7 a4 f2 1000
7 bc 40 1000
7 d4 f8 1000
7 ec 00 1000
7 15 7b 1000
7 2d ba 1000
7 45 03 1000
7 5d af 1000
7 8d 00 1000
7 a5 e3 1000
7 bd 51 1000
7 d5 f9 1000
7 ed 00 1000
8 74 ac 1000
8 75 ad 1000
8 16 04 1000
8 2e dc 1000
8 46 13 1000
8 5e b9 1000
8 8e 00 1000
8 a6 d4 1000
8 be 62 1000
8 d6 fa 1000
8 ee 00 1000
8 17 01 1000
8 2f fe 1000
8 47 23 1000
8 5f c3 1000
8 8f 00 1000
8 a7 c0 1000
8 bf 73 1000
8 d7 fb 1000
8 ef 00 1000
9 76 ae 1000
9 77 af 1000
9 18 00 1000
9 30 20 1000
9 48 f4 1000
9 60 7d 1000
9 90 00 1000
9 a8 f1 1000
9 c0 00 1000
9 d8 f4 1000
9 f0 00 1000
9 19 01 1000
9 31 42 1000
9 49 04 1000
9 61 87 1000
9 91 00 1000
9 a9 e2 1000
9 c1 11 1000
9 d9 f5 1000
9 f1 00 1000
10 78 a0 1000
10 79 a1 1000
10 1a 02 1000
10 32 64 1000
10 4a 14 1000
10 62 91 1000
10 92 00 1000
10 aa d3 1000
10 c2 22 1000
10 da f6 1000
10 f2 00 1000
10 1b 03 1000
10 33 86 1000
10 4b 24 1000
10 63 9b 1000
10 93 00 1000
10 ab c4 1000
10 c3 33 1000
10 db f7 1000
10 f3 00 1000
11 7a a2 1000
11 7b a3 1000
11 1c 7a 1000
11 34 a8 1000
11 4c f4 1000
11 64 a5 1000
11 94 00 1000
11 ac f0 1000
11 c4 40 1000
11 dc f8 1000
11 f4 00 1000
11 1d 7b 1000
11 35 ca 1000
11 4d 04 1000
11 65 af 1000
11 95 00 1000
11 ad e1 1000
11 c5 51 1000
11 dd f9 1000
11 f5 00 1000
12 7c a4 1000
12 7d a5 1000
12 1e 04 1000
12 36 ec 1000
12 4e 14 1000
12 66 b9 1000
12 96 00 1000
12 ae d2 1000
12 c6 62 1000
12 de fa 1000
12 f6 00 1000
12 1f 01 1000
12 37 0e 1000
12 4f 25 1000
12 67 c3 1000
12 97 00 1000
12 af c3 1000
12 c7 73 1000
12 df fb 1000
12 f7 00 1000
13 7e a6 1000
13 7f a7 1000
300 68 20 1000
300 69 21 1000
300 6a 22 1000
300 6b 23 1000
300 6c 24 1000
300 6d 25 1000
300 6e 26 1000
300 6f 27 1000
300 70 27 1000
300 71 29 1000
300 72 2a 1000
300 73 2b 1000
300 74 2c 1000
300 75 2d 1000
300 76 2e 1000
300 77 2f 1000
300 78 20 1000
300 79 21 1000
300 7a 22 1000
300 7b 23 1000
300 7c 24 1000
300 7d 25 1000
300 7e 26 1000
300 7f 27 1000
310 08 02 1000
310 20 00 1000
310 38 e1 1000
310 50 7d 1000
310 09 03 1000
310 21 2e 1000
310 39 f1 1000
310 51 83 1000
310 0a 00 1000
310 22 5c 1000
310 3a 01 1000
310 52 89 1000
310 0b 7b 1000
310 23 8a 1000
310 3b 11 1000
310 53 8f 1000
310 0c 04 1000
310 24 b8 1000
310 3c 21 1000
310 54 95 1000
310 0d 7a 1000
310 25 e6 1000
310 3d e1 1000
310 55 9b 1000
310 0e 01 1000
310 26 14 1000
310 3e f2 1000
310 56 a1 1000
310 27 43 1000
310 0f 2c 1000
310 3f 02 1000
310 57 a7 1000
310 10 02 1000
310 28 70 1000
310 40 12 1000
310 58 ad 1000
310 11 03 1000
310 29 9e 1000
310 41 22 1000
310 59 b3 1000
310 12 00 1000
310 2a cc 1000
310 42 e2 1000
310 5a b9 1000
310 13 7b 1000
310 2b fa 1000
310 43 f2 1000
310 5b bf 1000
310 14 04 1000
310 2c 28 1000
310 44 03 1000
310 5c c5 1000
310 15 7a 1000
310 2d 56 1000
310 45 13 1000
310 5d cb 1000
310 16 01 1000
310 2e 84 1000
310 46 23 1000
310 5e d1 1000
310 2f b3 1000
310 17 2c 1000
310 47 e3 1000
310 5f d7 1000
310 18 02 1000
310 30 e0 1000
310 48 f3 1000
310 60 7d 1000
310 19 03 1000
310 31 0e 1000
310 49 04 1000
310 61 83 1000
310 1a 00 1000
310 32 3c 1000
310 4a 14 1000
310 62 89 1000
310 1b 7b 1000
310 33 6a 1000
310 4b 24 1000
310 63 8f 1000
310 1c 04 1000
310 34 98 1000
310 4c e4 1000
310 64 95 1000
310 1d 7a 1000
310 35 c6 1000
310 4d f4 1000
310 65 9b 1000
310 1e 01 1000
310 36 f4 1000
310 4e 04 1000
310 66 a1 1000
310 37 23 1000
310 1f 2c 1000
310 4f 15 1000
310 67 a7 1000
311 80 00 1000
311 98 d0 1000
311 b0 00 1000
311 c8 f5 1000
311 e0 00 1000
311 81 00 1000
311 99 c1 1000
311 b1 11 1000
311 c9 f6 1000
311 e1 00 1000
311 82 00 1000
311 9a b2 1000
311 b2 22 1000
311 ca f7 1000
311 e2 00 1000
311 84 00 1000
311 9c d4 1000
311 b4 41 1000
311 cc f9 1000
311 e4 00 1000
311 85 00 1000
311 9d c5 1000
311 b5 52 1000
311 cd fa 1000
311 e5 00 1000
311 86 00 1000
311 9e b0 1000
311 b6 60 1000
311 ce fb 1000
311 e6 00 1000
311 88 00 1000
311 a0 d2 1000
311 b8 12 1000
311 d0 f6 1000
311 e8 00 1000
311 89 00 1000
311 a1 c3 1000
311 b9 20 1000
311 d1 f7 1000
311 e9 00 1000
311 8a 00 1000
311 a2 b4 1000
311 ba 31 1000
311 d2 f8 1000
311 ea 00 1000
311 8c 00 1000
311 a4 d0 1000
311 bc 50 1000
311 d4 fa 1000
311 ec 00 1000
311 8d 00 1000
311 a5 c1 1000
311 bd 61 1000
311 d5 fb 1000
311 ed 00 1000
311 8e 00 1000
311 a6 b2 1000
311 be 02 1000
311 d6 f5 1000
311 ee 00 1000
311 90 00 1000
311 a8 d4 1000
311 c0 21 1000
311 d8 f7 1000
311 f0 00 1000
311 91 00 1000
311 a9 c5 1000
311 c1 32 1000
311 d9 f8 1000
311 f1 00 1000
311 92 00 1000
311 aa b0 1000
311 c2 40 1000
311 da f9 1000
311 f2 00 1000
311 94 00 1000
311 ac d2 1000
311 c4 62 1000
311 dc fb 1000
311 f4 00 1000
311 95 00 1000
311 ad c3 1000
311 c5 00 1000
311 dd f5 1000
311 f5 00 1000
311 96 00 1000
311 ae b4 1000
311 c6 11 1000
311 de f6 1000
311 f6 00 1000
312 68 a3 1000
312 69 a4 1000
312 6a a5 1000
312 6b a6 1000
312 6c a7 1000
312 6d a7 1000
312 6e a9 1000
312 6f aa 1000
312 70 ab 1000
312 71 ac 1000
312 72 ad 1000
312 73 ae 1000
312 74 af 1000
312 75 a0 1000
312 76 a1 1000
312 77 a2 1000
312 78 a3 1000
312 79 a4 1000
312 7a a5 1000
312 7b a6 1000
312 7c a7 1000
312 7d a7 1000
312 7e a9 1000
312 7f aa 1000
