1 08 00 1000
1 20 00 1000
1 38 04 1000
1 50 45 1000
1 80 00 1000
1 98 f0 1000
1 b0 00 1000
1 c8 f7 1000
1 e0 00 1000
1 09 01 1000
1 21 aa 1000
1 39 12 1000
1 51 4d 1000
1 81 00 1000
1 99 f2 1000
1 b1 21 1000
1 c9 f6 1000
1 e1 00 1000
2 68 a0 1000
2 69 ae 1000
2 0a 02 1000
2 22 54 1000
2 3a f5 1000
2 52 55 1000
2 82 00 1000
2 9a e3 1000
2 b2 42 1000
2 ca f8 1000
2 e2 00 1000
2 0b 03 1000
2 23 00 1000
2 3b 13 1000
2 53 49 1000
2 83 00 1000
2 9b c4 1000
2 b3 32 1000
2 cb f5 1000
2 e3 00 1000
3 6a a2 1000
3 6b a7 1000
3 0c 7a 1000
3 24 00 1000
3 3c 02 1000
3 54 5d 1000
3 84 00 1000
3 9c f0 1000
3 b4 00 1000
3 cc f9 1000
3 e4 00 1000
3 0d 01 1000
3 25 80 1000
3 3d 21 1000
3 55 51 1000
3 85 00 1000
3 9d d1 1000
3 b5 11 1000
3 cd f4 1000
3 e5 00 1000
4 6c a4 1000
4 6d ac 1000
60 08 01 1000
60 20 00 1000
60 38 02 1000
100 09 02 1000
100 21 2e 1000
100 39 12 1000
140 0a 03 1000
140 22 5c 1000
140 3a 22 1000
180 08 7a 1000
180 20 8a 1000
180 38 02 1000
220 09 00 1000
220 21 b8 1000
220 39 12 1000
260 0a 01 1000
260 22 e6 1000
260 3a 22 1000
300 50 c2 1000
300 51 c2 1000
300 52 c2 1000
300 53 c2 1000
300 54 c2 1000
300 55 c2 1000
340 68 20 1000
340 69 2e 1000
340 6a 22 1000
340 6b 27 1000
340 6c 24 1000
340 6d 2c 1000
350 08 02 1000
350 20 80 1000
350 38 11 1000
350 50 59 1000
350 09 04 1000
350 21 00 1000
350 39 f6 1000
350 51 45 1000
350 0a 7b 1000
350 22 80 1000
350 3a 23 1000
350 52 51 1000
350 23 81 1000
350 0b 2c 1000
350 3b 04 1000
350 53 4b 1000
350 0c 03 1000
350 24 80 1000
350 3c e7 1000
350 54 61 1000
350 0d 00 1000
350 25 40 1000
350 3d 13 1000
350 55 47 1000
351 80 00 1000
351 98 d5 1000
351 b0 53 1000
351 c8 fa 1000
351 e0 00 1000
351 81 00 1000
351 99 f0 1000
351 b1 00 1000
351 c9 f4 1000
351 e1 00 1000
351 82 00 1000
351 9a b6 1000
351 b2 64 1000
351 ca ec 1000
351 e2 00 1000
351 85 00 1000
351 9d f0 1000
351 b5 00 1000
351 cd f8 1000
351 e5 00 1000
352 68 ac 1000
352 69 a1 1000
352 6a a6 1000
352 6b aa 1000
352 6c a9 1000
352 6d af 1000
400 08 02 1000
400 20 80 1000
400 38 12 1000
400 50 59 1000
440 09 04 1000
440 21 be 1000
440 39 22 1000
440 51 45 1000
480 0a 7b 1000
480 22 fc 1000
480 3a 02 1000
480 52 51 1000
520 23 3b 1000
520 0b 2c 1000
520 3b 13 1000
520 53 4b 1000
560 0c 00 1000
560 24 78 1000
560 3c 23 1000
560 54 61 1000
600 0d 03 1000
600 25 b6 1000
600 3d 03 1000
600 55 47 1000
640 08 02 1000
640 20 f4 1000
640 38 13 1000
640 50 59 1000
680 09 04 1000
680 21 32 1000
680 39 24 1000
680 51 45 1000
720 0a 7b 1000
720 22 70 1000
720 3a 04 1000
720 52 51 1000
760 23 af 1000
760 0b 2c 1000
760 3b 14 1000
760 53 4b 1000
800 0c 00 1000
800 24 ec 1000
800 3c 24 1000
800 54 61 1000
840 0d 03 1000
840 25 2a 1000
840 3d 05 1000
840 55 47 1000
880 08 02 1000
880 20 68 1000
880 38 15 1000
880 50 59 1000
