0 0
0 0
0 0
0 0
0 0
0 0
0 0
0 0
0 0
0 0
0 0
0 0
0 0
0 0
0 0
0 0
0 0
0 0
0 0
0 0
0 0
0 0
0 0
0 0
0 0
0 0
0 0
0 0
0 0
0 0
0 0
0 0
0 0
0 0
0 0
0 0
0 0
0 0
0 0
0 0
0 0
0 0
0 0
0 0
0 0
0 0
0 0
0 0
0 0
0 0
0 0
0 0
0 0
0 0
0 0
0 0
0 0
0 0
0 0
0 0
0 0
0 0
0 0
0 0
0 0
0 0
0 0
0 0
0 0
0 0
0 0
0 0
0 0
0 0
0 0
0 0
0 -2
-2 -2
-2 -2
-2 -2
-2 -2
-2 -2
-2 -2
-2 -2
-3 -3
-3 -3
-3 -3
-3 -3
-3 -3
-3 -3
-3 -3
-3 -3
-3 -5
-5 -5
-5 -5
-5 -5
-5 -5
-5 -5
-5 -5
-5 -5
-5 -5
-5 -5
-5 -5
-5 -5
-5 -5
-5 -6
-6 -6
-6 -6
-6 -6
-6 -6
-6 -6
-6 -6
-6 -6
-6 -6
-6 -6
-6 -6
-12 -12
-12 -11
-11 -11
-11 -11
-11 -11
-11 -11
-11 -11
-11 -11
-11 -11
-11 -11
-11 -9
-9 -9
-9 -9
-9 -9
-9 -9
-9 -8
-8 -8
-8 -8
-8 -8
-8 -6
-6 -6
-6 -6
-6 -6
-6 -5
-5 -5
-5 -5
-5 -3
-3 -3
-3 -3
-3 -2
-2 -2
-2 -2
-2 -2
-2 0
0 1
1 1
1 3
3 3
3 4
4 6
6 6
6 7
7 7
7 9
9 10
10 10
10 12
12 12
12 13
13 13
13 15
15 15
15 15
15 16
16 16
16 18
18 18
18 18
18 19
19 19
19 19
19 19
19 21
21 21
39 39
39 40
40 40
40 40
40 40
40 40
40 40
40 40
40 40
40 39
39 39
39 39
39 39
39 37
37 37
37 36
63 61
61 60
60 58
58 57
57 55
55 54
54 51
51 49
49 48
48 45
45 42
42 40
40 37
37 34
34 33
33 30
48 43
43 39
39 34
34 30
30 25
25 21
21 15
15 10
10 6
6 1
1 -5
-5 -9
-9 -14
-14 -18
-18 -24
-24 -29
-29 -33
-33 -38
-38 -42
-42 -47
-47 -51
-51 -56
-56 -60
-60 -63
-63 -68
-68 -72
-72 -75
-75 -80
-80 -83
-83 -86
-86 -89
-89 -92
-141 -146
-146 -150
-150 -153
-153 -158
-158 -161
-161 -164
-164 -167
-167 -168
-168 -171
-171 -173
-173 -174
-174 -176
-176 -176
-176 -177
-177 -177
-177 -177
-177 -176
-176 -176
-176 -174
-174 -173
-173 -171
-171 -168
-168 -167
-167 -164
-164 -161
-161 -158
-158 -153
-153 -150
-150 -146
-146 -141
-141 -137
-137 -131
-189 -182
-182 -174
-174 -167
-167 -158
-158 -149
-149 -140
-140 -131
-131 -122
-122 -111
-111 -102
-102 -92
-92 -81
-81 -71
-71 -60
-60 -50
-50 -39
-39 -29
-29 -17
-17 -6
-6 4
4 15
15 27
27 37
37 48
48 58
58 69
69 79
79 90
90 100
100 109
109 120
120 129
178 192
192 204
204 216
216 228
228 238
238 249
249 259
259 270
270 280
280 288
288 297
297 304
304 312
312 318
318 324
324 330
436 444
444 448
448 453
453 457
457 460
460 463
463 465
465 465
465 465
465 463
463 460
460 459
459 454
454 450
450 444
444 438
556 547
547 537
537 526
526 514
514 501
501 487
487 472
472 457
457 441
441 424
424 406
406 387
387 367
367 346
346 325
325 304
304 283
283 259
259 237
237 213
213 189
189 165
165 141
141 117
117 91
91 66
66 40
40 15
15 -11
-11 -35
-35 -60
-60 -86
-107 -138
-138 -168
-168 -198
-198 -228
-228 -260
-260 -288
-288 -317
-317 -345
-345 -372
-372 -399
-399 -426
-426 -450
-450 -476
-476 -500
-500 -521
-521 -543
-543 -564
-564 -584
-584 -602
-602 -620
-620 -636
-636 -651
-651 -665
-665 -677
-677 -690
-690 -699
-699 -710
-710 -717
-717 -723
-723 -726
-726 -731
-731 -732
-890 -893
-893 -893
-893 -890
-890 -885
-885 -881
-881 -873
-873 -864
-864 -855
-855 -843
-843 -830
-830 -815
-815 -800
-800 -782
-782 -761
-761 -741
-741 -719
-719 -696
-696 -671
-671 -645
-645 -618
-618 -590
-590 -561
-561 -530
-530 -500
-500 -467
-467 -434
-434 -401
-401 -365
-365 -329
-329 -294
-294 -257
-257 -221
-261 -218
-218 -173
-173 -128
-128 -83
-83 -36
-36 9
9 54
54 100
100 145
145 190
190 234
234 279
279 322
322 366
366 408
408 450
523 571
571 618
618 663
663 708
708 748
748 790
790 831
831 870
870 906
906 940
940 975
975 1006
1006 1036
1036 1062
1062 1089
1089 1113
1267 1291
1291 1315
1315 1333
1333 1351
1351 1366
1366 1378
1378 1389
1389 1396
1396 1401
1401 1404
1404 1404
1404 1401
1401 1396
1396 1386
1386 1378
1378 1363
1363 1348
1348 1330
1330 1309
1309 1284
1284 1260
1260 1233
1233 1203
1203 1171
1171 1137
1137 1098
1098 1059
1059 1020
1020 976
976 933
933 888
888 840
936 882
882 826
826 768
768 708
708 646
646 585
585 522
522 459
459 394
394 328
328 262
262 195
195 129
129 61
61 -6
-6 -74
-74 -140
-140 -207
-207 -273
-273 -339
-339 -404
-404 -470
-470 -533
-533 -596
-596 -657
-657 -717
-717 -777
-777 -834
-834 -890
-890 -945
-945 -998
-998 -1050
-1145 -1199
-1199 -1248
-1248 -1296
-1296 -1343
-1343 -1388
-1388 -1430
-1430 -1469
-1469 -1505
-1505 -1538
-1538 -1568
-1568 -1598
-1598 -1619
-1619 -1641
-1641 -1664
-1664 -1677
-1677 -1691
-1691 -1700
-1700 -1704
-1704 -1709
-1709 -1709
-1709 -1704
-1704 -1700
-1700 -1691
-1691 -1677
-1677 -1664
-1664 -1641
-1641 -1619
-1619 -1598
-1598 -1568
-1568 -1538
-1538 -1505
-1505 -1469
-1601 -1559
-1559 -1512
-1512 -1464
-1464 -1413
-1413 -1361
-1361 -1307
-1307 -1248
-1248 -1185
-1185 -1124
-1124 -1058
-1058 -992
-992 -924
-924 -852
-852 -782
-782 -707
-707 -633
-675 -596
-596 -513
-513 -431
-431 -347
-347 -263
-263 -177
-177 -92
-92 -8
-8 78
78 163
163 249
249 333
333 417
417 499
499 582
582 663
708 793
793 876
876 958
958 1039
1039 1119
1119 1194
1194 1267
1267 1341
1341 1408
1408 1474
1474 1540
1540 1599
1599 1657
1657 1716
1716 1768
1768 1816
1816 1861
1861 1902
1902 1938
1938 1975
1975 2008
2008 2035
2035 2058
2058 2080
2080 2091
2091 2109
2109 2113
2113 2119
2119 2119
2119 2113
2113 2109
2109 2097
2238 2220
2220 2202
2202 2178
2178 2149
2149 2119
2119 2080
2080 2041
2041 1998
1998 1950
1950 1902
1902 1846
1846 1788
1788 1725
1725 1662
1662 1596
1596 1522
1522 1450
1450 1374
1374 1299
1299 1216
1216 1134
1134 1048
1048 961
961 871
871 783
783 688
688 597
597 501
501 406
406 310
310 214
214 117
123 21
21 -81
-81 -182
-182 -284
-284 -384
-384 -483
-483 -582
-582 -680
-680 -777
-777 -872
-872 -966
-966 -1058
-1058 -1148
-1148 -1235
-1235 -1322
-1322 -1403
-1403 -1484
-1484 -1563
-1563 -1637
-1637 -1709
-1709 -1775
-1775 -1844
-1844 -1904
-1904 -1962
-1962 -2015
-2015 -2070
-2070 -2115
-2115 -2156
-2156 -2198
-2198 -2234
-2234 -2264
-2264 -2289
-2390 -2415
-2415 -2436
-2436 -2448
-2448 -2462
-2462 -2469
-2469 -2469
-2469 -2462
-2462 -2456
-2456 -2442
-2442 -2429
-2429 -2409
-2409 -2384
-2384 -2351
-2351 -2319
-2319 -2276
-2276 -2234
-2333 -2282
-2282 -2234
-2234 -2174
-2174 -2111
-2111 -2048
-2048 -1977
-1977 -1904
-1904 -1829
-1829 -1751
-1751 -1668
-1668 -1580
-1580 -1493
-1493 -1398
-1398 -1307
-1307 -1208
-1208 -1112
-1160 -1053
-1053 -947
-947 -837
-837 -726
-726 -615
-615 -501
-501 -387
-387 -273
-273 -158
-158 -42
-42 73
73 189
189 304
304 418
418 532
532 645
645 757
757 867
867 975
975 1083
1083 1188
1188 1291
1291 1389
1389 1486
1486 1582
1582 1675
1675 1764
1764 1851
1851 1933
1933 2008
2008 2086
2086 2154
2202 2274
2274 2337
2337 2394
2394 2454
2454 2500
2500 2548
2548 2590
2590 2625
2625 2661
2661 2691
2691 2712
2712 2727
2727 2742
2742 2749
2749 2749
2749 2749
2749 2742
2742 2727
2727 2704
2704 2683
2683 2653
2653 2625
2625 2583
2583 2541
2541 2494
2494 2446
2446 2388
2388 2325
2325 2262
2262 2196
2196 2119
2119 2041
2086 2002
2002 1918
1918 1827
1827 1735
1735 1639
1639 1540
1540 1435
1435 1330
1330 1222
1222 1116
1116 1003
1003 888
888 774
774 657
657 540
540 420
420 300
300 180
180 60
60 -62
-62 -182
-182 -302
-302 -422
-422 -542
-542 -659
-659 -776
-776 -890
-890 -1005
-1005 -1118
-1118 -1224
-1224 -1332
-1332 -1437
-1469 -1575
-1575 -1677
-1677 -1775
-1775 -1868
-1868 -1962
-1962 -2048
-2048 -2133
-2133 -2216
-2216 -2295
-2295 -2364
-2364 -2429
-2429 -2496
-2496 -2558
-2558 -2606
-2606 -2655
-2655 -2699
-2759 -2804
-2804 -2834
-2834 -2865
-2865 -2888
-2888 -2912
-2912 -2928
-2928 -2936
-2936 -2936
-2936 -2936
-2936 -2928
-2928 -2912
-2912 -2897
-2897 -2873
-2873 -2841
-2841 -2804
-2804 -2766
-2826 -2781
-2781 -2729
-2729 -2678
-2678 -2613
-2613 -2550
-2550 -2483
-2483 -2403
-2403 -2327
-2327 -2240
-2240 -2156
-2156 -2066
-2066 -1967
-1967 -1868
-1868 -1766
-1766 -1659
-1659 -1550
-1550 -1440
-1440 -1325
-1325 -1208
-1208 -1088
-1088 -968
-968 -846
-846 -720
-720 -596
-596 -468
-468 -341
-341 -213
-213 -84
-84 45
45 174
174 303
303 429
439 570
570 697
697 826
826 951
951 1077
1077 1197
1197 1320
1320 1435
1435 1552
1552 1662
1662 1773
1773 1876
1876 1981
1981 2080
2080 2172
2172 2262
2262 2349
2349 2434
2434 2508
2508 2583
2583 2653
2653 2712
2712 2772
2772 2824
2824 2878
2878 2917
2917 2958
2958 2989
2989 3015
3015 3030
3030 3046
3046 3055
3055 3063
3063 3063
3063 3055
3055 3039
3039 3022
3022 2998
2998 2965
2965 2934
2934 2895
2895 2847
2847 2794
2794 2742
2742 2683
2683 2611
2611 2541
2541 2467
2467 2388
2388 2299
2299 2214
2214 2119
2119 2025
2025 1923
1923 1816
1816 1711
1711 1599
1599 1486
1486 1371
1371 1249
1249 1128
1128 1006
1006 879
879 753
753 624
624 496
496 364
364 234
234 102
102 -29
-29 -161
-161 -293
-293 -423
-423 -554
-554 -681
-681 -810
-810 -935
-935 -1061
-1061 -1182
-1182 -1304
-1304 -1421
-1421 -1538
-1538 -1650
-1650 -1760
-1760 -1863
-1863 -1967
-1967 -2066
-2066 -2162
-2162 -2252
-2252 -2339
-2339 -2423
-2423 -2502
-2502 -2577
-2577 -2642
-2642 -2706
-2706 -2766
-2766 -2819
-2819 -2873
-2873 -2912
-2912 -2951
-2951 -2984
-2984 -3008
-3008 -3032
-3032 -3048
-3048 -3057
-3057 -3065
-3065 -3065
-3065 -3057
-3057 -3048
-3048 -3024
-3024 -3008
-3008 -2976
-2976 -2943
-2943 -2904
-2904 -2858
-2858 -2804
-2804 -2751
-2751 -2693
-2693 -2627
-2627 -2558
-2558 -2483
-2483 -2396
-2396 -2313
-2313 -2228
-2228 -2133
-2133 -2037
-2037 -1940
-1940 -1833
-1833 -1727
-1727 -1619
-1619 -1505
-1505 -1388
-1388 -1269
-1269 -1148
-1148 -1025
-1025 -900
-900 -774
-774 -645
-645 -516
-516 -386
-386 -255
-255 -123
-123 9
9 141
141 271
271 402
402 532
532 661
661 789
789 915
915 1039
1039 1162
1162 1284
1284 1401
1401 1519
1519 1630
1630 1740
1740 1846
1846 1950
1950 2052
2052 2149
2149 2238
2238 2325
2325 2407
2407 2487
2487 2562
2562 2632
2632 2697
2697 2757
2757 2809
2809 2863
2863 2902
2902 2941
2941 2982
2982 3006
3006 3030
3030 3046
3046 3055
3055 3063
3063 3063
3063 3055
3055 3046
3046 3030
3030 3006
3006 2982
2982 2941
2941 2902
2902 2863
2863 2809
2809 2757
2757 2697
2697 2632
2632 2562
2562 2487
2487 2407
2407 2325
2325 2238
2238 2149
2149 2052
2052 1950
1950 1846
1846 1740
1740 1630
1630 1519
1519 1401
1401 1284
1284 1162
1162 1039
1039 915
915 789
789 661
661 532
532 402
402 271
271 141
141 9
9 -123
-123 -255
-255 -386
-386 -516
-516 -645
-645 -774
-774 -900
-900 -1025
-1025 -1148
-1148 -1269
-1269 -1388
-1388 -1505
-1505 -1619
-1619 -1727
-1727 -1833
-1833 -1940
-1940 -2037
-2037 -2133
-2133 -2228
-2228 -2313
-2313 -2396
-2396 -2483
-2483 -2558
-2558 -2627
-2627 -2693
-2693 -2751
-2751 -2804
-2804 -2858
-2858 -2904
-2904 -2943
-2943 -2976
-2976 -3008
-3008 -3024
-3024 -3048
-3048 -3057
-3057 -3065
-3065 -3065
-3065 -3057
-3057 -3048
-3048 -3032
-3032 -3008
-3008 -2984
-2984 -2951
-2951 -2912
-2912 -2873
-2873 -2819
-2819 -2766
-2766 -2706
-2706 -2642
-2642 -2577
-2577 -2502
-2502 -2423
-2423 -2339
-2339 -2252
-2252 -2162
-2162 -2066
-2066 -1967
-1967 -1863
-1863 -1760
-1760 -1650
-1650 -1538
-1538 -1421
-1421 -1304
-1304 -1182
-1182 -1061
-1061 -935
-935 -810
-810 -681
-681 -554
-554 -423
-423 -293
-293 -161
-161 -29
-29 102
102 234
234 364
364 496
496 624
624 753
753 879
879 1006
1006 1128
1128 1249
1249 1371
1371 1486
1486 1599
1599 1711
1711 1816
1816 1923
1923 2025
2025 2119
2119 2214
2214 2299
2299 2388
2388 2467
2467 2541
2541 2611
2611 2683
2683 2742
2742 2794
2794 2847
2847 2895
2895 2934
2934 2965
2965 2998
2998 3022
3022 3039
3039 3055
3055 3063
3063 3063
3063 3055
3055 3046
3046 3030
3030 3015
3015 2989
2989 2958
2958 2917
2917 2878
2878 2824
2824 2772
2772 2712
2712 2653
2653 2583
2583 2508
2508 2434
2434 2349
2349 2262
2262 2172
2172 2080
2080 1981
1981 1876
1876 1773
1773 1662
1662 1552
1552 1435
1435 1320
1320 1197
1197 1077
1077 951
951 826
826 697
697 570
570 439
439 309
309 178
178 46
46 -86
-86 -218
-218 -348
-348 -479
-479 -608
-608 -737
-737 -864
-864 -989
-989 -1112
-1112 -1235
-1235 -1353
-1353 -1472
-1472 -1584
-1584 -1695
-1695 -1803
-1803 -1910
-1910 -2010
-2010 -2111
-2111 -2204
-2204 -2289
-2289 -2378
-2378 -2456
-2456 -2537
-2537 -2606
-2606 -2670
-2670 -2736
-2736 -2789
-2789 -2841
-2841 -2888
-2888 -2928
-2928 -2967
-2967 -3000
-3000 -3024
-3024 -3041
-3041 -3057
-3057 -3065
-3065 -3065
-3065 -3065
-3065 -3057
-3057 -3041
-3041 -3017
-3017 -2991
-2991 -2960
-2960 -2928
-2928 -2880
-2880 -2834
-2834 -2781
-2781 -2729
-2729 -2663
-2663 -2592
-2592 -2523
-2523 -2448
-2448 -2364
-2364 -2276
-2276 -2186
-2186 -2093
-2093 -1994
-1994 -1893
-1893 -1790
-1790 -1682
-1682 -1568
-1568 -1452
-1452 -1335
-1335 -1218
-1218 -1097
-1097 -971
-971 -846
-846 -719
-719 -590
-590 -461
-461 -329
-329 -198
-198 -66
-66 64
64 196
196 327
327 459
459 588
588 717
717 844
844 969
969 1095
1095 1216
1216 1333
1333 1450
1450 1566
1566 1680
1680 1788
1788 1891
1891 1992
1992 2091
2091 2184
2184 2274
2274 2362
2362 2446
2446 2521
2521 2590
2590 2661
2661 2727
2727 2779
2779 2832
2832 2878
2878 2926
2926 2958
2958 2989
2989 3015
3015 3039
3039 3055
3055 3063
3063 3063
3063 3063
3063 3055
3055 3039
3039 3022
3022 2998
2998 2965
2965 2926
2926 2886
2886 2839
2839 2787
2787 2734
2734 2668
2668 2604
2604 2535
2535 2454
2454 2376
2376 2287
2287 2202
2202 2109
2109 2008
2008 1908
1908 1801
1801 1693
1693 1582
1582 1470
1470 1351
1351 1233
1233 1110
1110 987
987 862
862 735
735 606
606 477
477 346
346 216
216 84
84 -48
-48 -180
-180 -311
-311 -441
-441 -572
-572 -699
-699 -828
-828 -953
-953 -1079
-1079 -1199
-1199 -1322
-1322 -1437
-1437 -1554
-1554 -1664
-1664 -1775
-1775 -1878
-1878 -1983
-1983 -2082
-2082 -2174
-2174 -2264
-2264 -2351
-2351 -2436
-2436 -2510
-2510 -2585
-2585 -2655
-2655 -2714
-2714 -2774
-2774 -2826
-2826 -2880
-2880 -2919
-2919 -2960
-2960 -2991
-2991 -3017
-3017 -3032
-3032 -3048
-3048 -3057
-3057 -3065
-3065 -3065
-3065 -3057
-3057 -3041
-3041 -3024
-3024 -3000
-3000 -2967
-2967 -2936
-2936 -2897
-2897 -2849
-2849 -2796
-2796 -2744
-2744 -2685
-2685 -2613
-2613 -2543
-2543 -2469
-2469 -2390
-2390 -2301
-2301 -2216
-2216 -2121
-2121 -2027
-2027 -1925
-1925 -1818
-1818 -1713
-1713 -1601
-1601 -1488
-1488 -1373
-1373 -1251
-1251 -1130
-1130 -1008
-1008 -881
-881 -755
-755 -626
-626 -498
-498 -366
-366 -236
-236 -104
-104 27
27 159
159 291
291 421
421 552
552 679
679 808
808 933
933 1059
1059 1180
1180 1302
1302 1419
1419 1536
1536 1648
1648 1758
1758 1861
1861 1965
1965 2064
2064 2160
2160 2250
2250 2337
2337 2421
2421 2500
2500 2575
2575 2640
2640 2704
2704 2764
2764 2817
2817 2871
2871 2910
2910 2949
2949 2982
2982 3006
3006 3030
3030 3046
3046 3055
3055 3063
3063 3063
3063 3055
3055 3046
3046 3022
3022 3006
3006 2974
2974 2941
2941 2902
2902 2856
2856 2802
2802 2749
2749 2691
2691 2625
2625 2556
2556 2481
2481 2394
2394 2311
2311 2226
2226 2131
2131 2035
2035 1938
1938 1831
1831 1725
1725 1617
1617 1503
1503 1386
1386 1267
1267 1146
1146 1023
1023 898
898 772
772 643
643 514
514 384
384 253
253 121
121 -11
-11 -143
-140 -267
-267 -396
-396 -522
-522 -648
-648 -774
-774 -897
-897 -1019
-1019 -1139
-1139 -1259
-1259 -1373
-1373 -1488
-1488 -1598
-1598 -1704
-1704 -1809
-1809 -1910
-1910 -2010
-2010 -2105
-2105 -2192
-2192 -2276
-2276 -2358
-2358 -2436
-2436 -2510
-2510 -2577
-2577 -2642
-2642 -2699
-2699 -2751
-2751 -2804
-2804 -2841
-2841 -2880
-2880 -2919
-2919 -2943
-2943 -2967
-2967 -2984
-2984 -2991
-2991 -3000
-3000 -3000
-3000 -2991
-2991 -2984
-2984 -2967
-2967 -2943
-2943 -2919
-2919 -2880
-2880 -2841
-2841 -2804
-2804 -2751
-2751 -2699
-2699 -2642
-2642 -2577
-2577 -2510
-2510 -2436
-2436 -2358
-2358 -2276
-2276 -2192
-2192 -2105
-2105 -2010
-2010 -1910
-1910 -1809
-1809 -1704
-1704 -1598
-1598 -1488
-1488 -1373
-1373 -1259
-1259 -1139
-1139 -1019
-1019 -897
-897 -774
-774 -648
-648 -522
-522 -396
-396 -267
-267 -140
-140 -11
-11 118
118 247
247 375
375 502
502 630
630 754
754 879
879 1000
1000 1122
1122 1240
1240 1356
1356 1470
1470 1582
1582 1689
1689 1792
1792 1897
1897 1992
1992 2086
2086 2178
2178 2262
2262 2343
2343 2427
2427 2500
2500 2569
2569 2632
2632 2691
2691 2742
2742 2794
2794 2839
2839 2878
2878 2910
2910 2941
2941 2958
2958 2982
2982 2989
2989 2998
2998 2998
2998 2989
2989 2982
2982 2965
2965 2941
2941 2917
2917 2886
2886 2847
2847 2809
2809 2757
2757 2704
2704 2647
2647 2583
2583 2521
2521 2446
2446 2368
2368 2287
2287 2202
2202 2113
2113 2019
2019 1923
1923 1821
1821 1720
1720 1612
1612 1503
1503 1389
1389 1273
1273 1155
1155 1036
1036 913
913 790
790 664
664 540
540 412
412 285
285 156
156 27
27 -102
-102 -231
-231 -359
-359 -488
-488 -612
-612 -738
-738 -861
-861 -987
-987 -1106
-1106 -1224
-1224 -1343
-1343 -1457
-1457 -1568
-1568 -1677
-1677 -1779
-1779 -1884
-1884 -1983
-1983 -2076
-2076 -2168
-2168 -2252
-2252 -2339
-2339 -2415
-2415 -2489
-2489 -2558
-2558 -2627
-2627 -2685
-2685 -2736
-2736 -2789
-2789 -2834
-2834 -2873
-2873 -2904
-2904 -2936
-2936 -2960
-2960 -2976
-2976 -2991
-2991 -3000
-3000 -3000
-3000 -2991
-2991 -2984
-2984 -2967
-2967 -2951
-2951 -2928
-2928 -2897
-2897 -2858
-2858 -2819
-2819 -2766
-2766 -2714
-2714 -2655
-2655 -2600
-2600 -2529
-2529 -2456
-2456 -2384
-2384 -2301
-2301 -2216
-2216 -2127
-2127 -2037
-2037 -1940
-1940 -1838
-1838 -1737
-1737 -1628
-1628 -1521
-1521 -1406
-1406 -1293
-1293 -1173
-1173 -1056
-1056 -932
-932 -810
-810 -684
-684 -560
-560 -431
-431 -305
-305 -176
-176 -47
-47 82
82 211
211 339
339 466
466 594
594 718
718 844
844 966
966 1086
1086 1206
1206 1323
1323 1438
1438 1548
1548 1657
1657 1764
1764 1866
1866 1965
1965 2064
2064 2154
2154 2238
2238 2325
2325 2401
2401 2481
2481 2548
2548 2611
2611 2676
2676 2727
2727 2779
2779 2824
2824 2863
2863 2902
2902 2934
2934 2958
2958 2974
2974 2989
2989 2998
2998 2998
2998 2998
2998 2989
2989 2974
2974 2949
2949 2926
2926 2895
2895 2863
2863 2817
2817 2772
2772 2719
2719 2668
2668 2604
2604 2535
2535 2467
2467 2394
2394 2311
2311 2226
2226 2137
2137 2046
2046 1950
1950 1851
1851 1749
1749 1644
1644 1531
1531 1419
1419 1305
1305 1191
1191 1071
1071 948
948 826
826 702
702 576
576 448
448 321
321 192
192 63
63 -65
-65 -194
-194 -323
-323 -450
-450 -578
-578 -704
-704 -828
-828 -950
-950 -1073
-1073 -1193
-1193 -1307
-1307 -1421
-1421 -1533
-1533 -1646
-1646 -1751
-1751 -1853
-1853 -1952
-1952 -2048
-2048 -2139
-2139 -2228
-2228 -2313
-2313 -2396
-2396 -2469
-2469 -2537
-2537 -2606
-2606 -2670
-2670 -2721
-2721 -2774
-2774 -2819
-2819 -2865
-2865 -2897
-2897 -2928
-2928 -2951
-2951 -2976
-2976 -2991
-2991 -3000
-3000 -3000
-3000 -3000
-3000 -2991
-2991 -2976
-2976 -2960
-2960 -2936
-2936 -2904
-2904 -2865
-2865 -2826
-2826 -2781
-2781 -2729
-2729 -2678
-2678 -2613
-2613 -2550
-2550 -2483
-2483 -2403
-2403 -2327
-2327 -2240
-2240 -2156
-2156 -2066
-2066 -1967
-1967 -1868
-1868 -1766
-1766 -1659
-1659 -1550
-1550 -1440
-1440 -1325
-1325 -1208
-1208 -1088
-1088 -968
-968 -846
-846 -720
-720 -596
-596 -468
-468 -341
-341 -213
-213 -84
-84 45
45 174
174 303
303 429
429 558
558 682
682 808
808 930
930 1054
1054 1171
1171 1291
1291 1404
1404 1519
1519 1626
1626 1735
1735 1836
1836 1938
1938 2035
2035 2125
2125 2214
2214 2299
2299 2382
2382 2454
2454 2527
2527 2598
2598 2653
2653 2712
2712 2764
2764 2817
2817 2856
2856 2895
2895 2926
2926 2949
2949 2965
2965 2982
2982 2989
2989 2998
2998 2998
2998 2989
2989 2974
2974 2958
2958 2934
2934 2902
2902 2871
2871 2832
2832 2787
2787 2734
2734 2683
2683 2625
2625 2556
2556 2487
2487 2413
2413 2337
2337 2250
2250 2166
2166 2074
2074 1981
1981 1882
1882 1777
1777 1675
1675 1566
1566 1455
1455 1341
1341 1222
1222 1104
1104 985
985 859
859 736
736 610
610 486
486 357
357 229
229 100
100 -29
-29 -158
-158 -287
-287 -414
-414 -542
-542 -666
-666 -792
-792 -915
-915 -1038
-1038 -1157
-1157 -1275
-1275 -1391
-1391 -1505
-1505 -1614
-1614 -1722
-1722 -1823
-1823 -1925
-1925 -2021
-2021 -2115
-2115 -2204
-2204 -2289
-2289 -2370
-2370 -2448
-2448 -2523
-2523 -2585
-2585 -2649
-2649 -2706
-2706 -2759
-2759 -2811
-2811 -2849
-2849 -2888
-2888 -2919
-2919 -2943
-2943 -2967
-2967 -2984
-2984 -2991
-2991 -3000
-3000 -3000
-3000 -2991
-2991 -2984
-2984 -2960
-2960 -2943
-2943 -2912
-2912 -2880
-2880 -2841
-2841 -2796
-2796 -2744
-2744 -2693
-2693 -2634
-2634 -2571
-2571 -2502
-2502 -2429
-2429 -2345
-2345 -2264
-2264 -2180
-2180 -2088
-2088 -1994
-1994 -1899
-1899 -1794
-1794 -1691
-1691 -1584
-1584 -1472
-1472 -1358
-1358 -1242
-1242 -1124
-1124 -1002
-1002 -881
-881 -756
-756 -632
-632 -504
-504 -377
-377 -249
-249 -120
-120 9
9 138
135 259
259 385
385 510
510 633
633 754
754 876
876 996
996 1113
1113 1230
1230 1341
1341 1455
1455 1561
1561 1666
1666 1768
1768 1866
1866 1965
1965 2058
2058 2143
2143 2226
2226 2305
2305 2382
2382 2454
2454 2521
2521 2583
2583 2640
2640 2691
2691 2742
2742 2779
2779 2817
2817 2856
2856 2878
2878 2902
2902 2917
2917 2926
2926 2934
2934 2934
2934 2926
2926 2917
2917 2902
2902 2878
2878 2856
2856 2817
2817 2779
2779 2742
2742 2691
2691 2640
2640 2583
2583 2521
2521 2454
2454 2382
2382 2305
2305 2226
2226 2143
2143 2058
2058 1965
1965 1866
1866 1768
1768 1666
1666 1561
1561 1455
1455 1341
1341 1230
1230 1113
1113 996
996 876
876 754
754 633
633 510
510 385
385 259
259 135
135 9
9 -119
-119 -245
-245 -369
-369 -494
-494 -618
-618 -741
-741 -861
-861 -981
-981 -1100
-1100 -1215
-1215 -1328
-1328 -1440
-1440 -1550
-1550 -1655
-1655 -1755
-1755 -1859
-1859 -1952
-1952 -2043
-2043 -2133
-2133 -2216
-2216 -2295
-2295 -2378
-2378 -2448
-2448 -2516
-2516 -2577
-2577 -2634
-2634 -2685
-2685 -2736
-2736 -2781
-2781 -2819
-2819 -2849
-2849 -2880
-2880 -2897
-2897 -2919
-2919 -2928
-2928 -2936
-2936 -2936
-2936 -2928
-2928 -2919
-2919 -2904
-2904 -2880
-2880 -2858
-2858 -2826
-2826 -2789
-2789 -2751
-2751 -2699
-2699 -2649
-2649 -2592
-2592 -2529
-2529 -2469
-2469 -2396
-2396 -2319
-2319 -2240
-2240 -2156
-2156 -2070
-2070 -1977
-1977 -1884
-1884 -1784
-1784 -1686
-1686 -1580
-1580 -1472
-1472 -1361
-1361 -1248
-1248 -1133
-1133 -1016
-1016 -896
-896 -776
-776 -653
-653 -530
-530 -405
-405 -281
-281 -153
-153 -29
-29 97
97 223
223 349
349 475
475 598
598 721
721 841
841 964
964 1080
1080 1197
1197 1312
1312 1423
1423 1531
1531 1639
1639 1740
1740 1842
1842 1938
1938 2029
2029 2119
2119 2202
2202 2287
2287 2362
2362 2434
2434 2500
2500 2569
2569 2625
2625 2676
2676 2727
2727 2772
2772 2809
2809 2839
2839 2871
2871 2895
2895 2910
2910 2926
2926 2934
2934 2934
2934 2926
2926 2917
2917 2902
2902 2886
2886 2863
2863 2832
2832 2794
2794 2757
2757 2704
2704 2653
2653 2598
2598 2541
2541 2473
2473 2401
2401 2331
2331 2250
2250 2166
2166 2080
2080 1992
1992 1897
1897 1797
1797 1698
1698 1591
1591 1486
1486 1374
1374 1263
1263 1146
1146 1032
1032 910
910 790
790 669
669 546
546 420
420 297
297 169
169 43
43 -81
-81 -209
-209 -333
-333 -458
-458 -582
-582 -705
-705 -828
-828 -947
-947 -1064
-1064 -1182
-1182 -1296
-1296 -1410
-1410 -1517
-1517 -1623
-1623 -1727
-1727 -1829
-1829 -1925
-1925 -2021
-2021 -2111
-2111 -2192
-2192 -2276
-2276 -2351
-2351 -2429
-2429 -2496
-2496 -2558
-2558 -2621
-2621 -2670
-2670 -2721
-2721 -2766
-2766 -2804
-2804 -2841
-2841 -2873
-2873 -2897
-2897 -2912
-2912 -2928
-2928 -2936
-2936 -2936
-2936 -2936
-2936 -2928
-2928 -2912
-2912 -2888
-2888 -2865
-2865 -2834
-2834 -2804
-2804 -2759
-2759 -2714
-2714 -2663
-2663 -2613
-2613 -2550
-2550 -2483
-2483 -2415
-2415 -2345
-2345 -2264
-2264 -2180
-2180 -2093
-2093 -2004
-2004 -1910
-1910 -1814
-1814 -1713
-1713 -1610
-1610 -1500
-1500 -1391
-1391 -1280
-1280 -1167
-1167 -1050
-1050 -930
-930 -810
-810 -689
-689 -566
-566 -441
-441 -315
-315 -189
-189 -63
-63 61
61 187
187 313
313 439
439 564
564 687
687 808
808 928
928 1048
1048 1165
1165 1278
1278 1389
1389 1498
1498 1608
1608 1711
1711 1812
1812 1908
1908 2002
2002 2091
2091 2178
2178 2262
2262 2343
2343 2413
2413 2481
2481 2548
2548 2611
2611 2661
2661 2712
2712 2757
2757 2802
2802 2832
2832 2863
2863 2886
2886 2910
2910 2926
2926 2934
2934 2934
2934 2934
2934 2926
2926 2910
2910 2895
2895 2871
2871 2839
2839 2802
2802 2764
2764 2719
2719 2668
2668 2619
2619 2556
2556 2494
2494 2427
2427 2349
2349 2274
2274 2190
2190 2109
2109 2019
2019 1923
1923 1827
1827 1725
1725 1621
1621 1515
1515 1408
1408 1294
1294 1180
1180 1062
1062 945
945 826
826 703
703 580
580 456
456 331
331 207
207 79
79 -45
-45 -171
-171 -299
-299 -422
-422 -548
-548 -671
-671 -792
-792 -912
-912 -1034
-1034 -1148
-1148 -1265
-1265 -1376
-1376 -1488
-1488 -1593
-1593 -1700
-1700 -1799
-1799 -1899
-1899 -1994
-1994 -2082
-2082 -2168
-2168 -2252
-2252 -2333
-2333 -2403
-2403 -2475
-2475 -2543
-2543 -2600
-2600 -2655
-2655 -2706
-2706 -2759
-2759 -2796
-2796 -2834
-2834 -2865
-2865 -2888
-2888 -2904
-2904 -2919
-2919 -2928
-2928 -2936
-2936 -2936
-2936 -2928
-2928 -2912
-2912 -2897
-2897 -2873
-2873 -2841
-2841 -2811
-2811 -2774
-2774 -2729
-2729 -2678
-2678 -2627
-2627 -2571
-2571 -2502
-2502 -2436
-2436 -2364
-2364 -2289
-2289 -2204
-2204 -2121
-2121 -2031
-2031 -1940
-1940 -1844
-1844 -1742
-1742 -1641
-1641 -1533
-1533 -1425
-1425 -1314
-1314 -1199
-1199 -1082
-1082 -966
-966 -843
-843 -723
-723 -600
-600 -477
-477 -351
-351 -225
-225 -99
-99 27
27 151
151 279
279 403
403 528
528 651
651 774
774 894
894 1014
1014 1131
1131 1246
1246 1359
1359 1470
1470 1578
1578 1684
1684 1782
1782 1882
1882 1975
1975 2068
2068 2154
2154 2238
2238 2317
2317 2394
2394 2467
2467 2527
2527 2590
2590 2647
2647 2697
2697 2749
2749 2787
2787 2824
2824 2856
2856 2878
2878 2902
2902 2917
2917 2926
2926 2934
2934 2934
2934 2926
2926 2917
2917 2895
2895 2878
2878 2847
2847 2817
2817 2779
2779 2734
2734 2683
2683 2632
2632 2575
2575 2514
2514 2446
2446 2376
2376 2293
2293 2214
2214 2131
2131 2041
2041 1950
1950 1857
1857 1753
1753 1653
1653 1548
1548 1438
1438 1326
1326 1213
1213 1098
1098 979
979 859
859 739
739 616
616 492
492 367
367 243
243 117
117 -11
-11 -137
-134 -257
-257 -378
-378 -501
-501 -621
-621 -741
-741 -860
-860 -977
-977 -1091
-1091 -1205
-1205 -1314
-1314 -1425
-1425 -1529
-1529 -1632
-1632 -1733
-1733 -1829
-1829 -1925
-1925 -2015
-2015 -2099
-2099 -2180
-2180 -2258
-2258 -2333
-2333 -2403
-2403 -2469
-2469 -2529
-2529 -2585
-2585 -2634
-2634 -2685
-2685 -2721
-2721 -2759
-2759 -2796
-2796 -2819
-2819 -2841
-2841 -2858
-2858 -2865
-2865 -2873
-2873 -2873
-2873 -2865
-2865 -2858
-2858 -2841
-2841 -2819
-2819 -2796
-2796 -2759
-2759 -2721
-2721 -2685
-2685 -2634
-2634 -2585
-2585 -2529
-2529 -2469
-2469 -2403
-2403 -2333
-2333 -2258
-2258 -2180
-2180 -2099
-2099 -2015
-2015 -1925
-1925 -1829
-1829 -1733
-1733 -1632
-1632 -1529
-1529 -1425
-1425 -1314
-1314 -1205
-1205 -1091
-1091 -977
-977 -860
-860 -741
-741 -621
-621 -501
-501 -378
-378 -257
-257 -134
-134 -9
-9 114
114 237
237 358
358 481
481 603
603 723
723 841
841 958
958 1074
1074 1188
1188 1299
1299 1408
1408 1515
1515 1617
1617 1716
1716 1816
1816 1908
1908 1998
1998 2086
2086 2166
2166 2244
2244 2325
2325 2394
2394 2460
2460 2521
2521 2575
2575 2625
2625 2676
2676 2719
2719 2757
2757 2787
2787 2817
2817 2832
2832 2856
2856 2863
2863 2871
2871 2871
2871 2863
2863 2856
2856 2839
2839 2817
2817 2794
2794 2764
2764 2727
2727 2691
2691 2640
2640 2590
2590 2535
2535 2473
2473 2413
2413 2343
2343 2268
2268 2190
2190 2109
2109 2025
2025 1933
1933 1842
1842 1744
1744 1648
1648 1545
1545 1438
1438 1330
1330 1219
1219 1107
1107 993
993 874
874 757
757 636
636 516
516 394
394 273
273 148
148 25
25 -98
-98 -221
-221 -344
-344 -467
-467 -587
-587 -707
-707 -825
-825 -945
-945 -1058
-1058 -1173
-1173 -1286
-1286 -1395
-1395 -1500
-1500 -1605
-1605 -1704
-1704 -1803
-1803 -1899
-1899 -1988
-1988 -2076
-2076 -2156
-2156 -2240
-2240 -2313
-2313 -2384
-2384 -2448
-2448 -2516
-2516 -2571
-2571 -2621
-2621 -2670
-2670 -2714
-2714 -2751
-2751 -2781
-2781 -2811
-2811 -2834
-2834 -2849
-2849 -2865
-2865 -2873
-2873 -2873
-2873 -2865
-2865 -2858
-2858 -2841
-2841 -2826
-2826 -2804
-2804 -2774
-2774 -2736
-2736 -2699
-2699 -2649
-2649 -2600
-2600 -2543
-2543 -2489
-2489 -2423
-2423 -2351
-2351 -2282
-2282 -2204
-2204 -2121
-2121 -2037
-2037 -1952
-1952 -1859
-1859 -1760
-1760 -1664
-1664 -1559
-1559 -1457
-1457 -1347
-1347 -1238
-1238 -1124
-1124 -1011
-1011 -893
-893 -776
-776 -656
-656 -536
-536 -413
-413 -291
-291 -168
-168 -45
-45 78
78 202
202 325
325 447
447 568
568 688
688 808
808 925
925 1039
1039 1155
1155 1267
1267 1378
1378 1482
1482 1587
1587 1689
1689 1788
1788 1882
1882 1975
1975 2064
2064 2143
2143 2226
2226 2299
2299 2376
2376 2440
2440 2500
2500 2562
2562 2611
2611 2661
2661 2704
2704 2742
2742 2779
2779 2809
2809 2832
2832 2847
2847 2863
2863 2871
2871 2871
2871 2871
2871 2863
2863 2847
2847 2824
2824 2802
2802 2772
2772 2742
2742 2697
2697 2653
2653 2604
2604 2556
2556 2494
2494 2427
2427 2362
2362 2293
2293 2214
2214 2131
2131 2046
2046 1960
1960 1866
1866 1773
1773 1675
1675 1573
1573 1467
1467 1359
1359 1249
1249 1140
1140 1026
1026 907
907 790
790 672
672 552
552 429
429 307
307 184
184 61
61 -63
-63 -186
-186 -309
-309 -431
-431 -554
-554 -674
-674 -792
-792 -909
-909 -1028
-1028 -1142
-1142 -1251
-1251 -1361
-1361 -1469
-1469 -1575
-1575 -1677
-1677 -1775
-1775 -1868
-1868 -1962
-1962 -2048
-2048 -2133
-2133 -2216
-2216 -2295
-2295 -2364
-2364 -2429
-2429 -2496
-2496 -2558
-2558 -2606
-2606 -2655
-2655 -2699
-2699 -2744
-2744 -2774
-2774 -2804
-2804 -2826
-2826 -2849
-2849 -2865
-2865 -2873
-2873 -2873
-2873 -2873
-2873 -2865
-2865 -2849
-2849 -2834
-2834 -2811
-2811 -2781
-2781 -2744
-2744 -2706
-2706 -2663
-2663 -2613
-2613 -2564
-2564 -2502
-2502 -2442
-2442 -2378
-2378 -2301
-2301 -2228
-2228 -2145
-2145 -2066
-2066 -1977
-1977 -1884
-1884 -1790
-1790 -1691
-1691 -1589
-1589 -1484
-1484 -1380
-1380 -1269
-1269 -1157
-1157 -1041
-1041 -927
-927 -810
-810 -690
-690 -570
-570 -449
-449 -327
-327 -204
-204 -80
-80 43
43 166
166 289
289 411
411 534
534 654
654 774
774 891
891 1009
1009 1122
1122 1236
1236 1345
1345 1455
1455 1557
1557 1662
1662 1758
1758 1857
1857 1950
1950 2035
2035 2119
2119 2202
2202 2280
2280 2349
2349 2421
2421 2487
2487 2541
2541 2598
2598 2647
2647 2697
2697 2734
2734 2772
2772 2802
2802 2824
2824 2839
2839 2856
2856 2863
2863 2871
2871 2871
2871 2863
2863 2847
2847 2832
2832 2809
2809 2779
2779 2749
2749 2712
2712 2668
2668 2619
2619 2569
2569 2514
2514 2446
2446 2382
2382 2311
2311 2238
2238 2154
2154 2074
2074 1986
1986 1897
1897 1801
1801 1702
1702 1603
1603 1498
1498 1393
1393 1284
1284 1171
1171 1056
1056 943
943 823
823 705
705 585
585 465
465 342
342 219
219 96
96 -27
-27 -150
-150 -275
-275 -396
-396 -518
-518 -638
-638 -759
-759 -876
-876 -995
-995 -1109
-1109 -1221
-1221 -1332
-1332 -1440
-1440 -1547
-1547 -1650
-1650 -1746
-1746 -1844
-1844 -1935
-1935 -2027
-2027 -2111
-2111 -2192
-2192 -2270
-2270 -2345
-2345 -2415
-2415 -2475
-2475 -2537
-2537 -2592
-2592 -2642
-2642 -2693
-2693 -2729
-2729 -2766
-2766 -2796
-2796 -2819
-2819 -2841
-2841 -2858
-2858 -2865
-2865 -2873
-2873 -2873
-2873 -2865
-2865 -2858
-2858 -2834
-2834 -2819
-2819 -2789
-2789 -2759
-2759 -2721
-2721 -2678
-2678 -2627
-2627 -2577
-2577 -2523
-2523 -2462
-2462 -2396
-2396 -2327
-2327 -2246
-2246 -2168
-2168 -2088
-2088 -2000
-2000 -1910
-1910 -1818
-1818 -1718
-1718 -1619
-1619 -1517
-1517 -1410
-1410 -1301
-1301 -1190
-1190 -1076
-1076 -960
-960 -843
-843 -725
-725 -605
-605 -483
-483 -360
-360 -239
-239 -116
-116 7
7 132
132 255
255 376
376 499
499 619
619 739
739 858
858 975
975 1089
1089 1203
1203 1312
1312 1423
1423 1527
1527 1630
1630 1731
1731 1827
1827 1923
1923 2013
2013 2097
2097 2178
2178 2256
2256 2331
2331 2401
2401 2467
2467 2527
2527 2583
2583 2632
2632 2683
2683 2719
2719 2757
2757 2794
2794 2817
2817 2839
2839 2856
2856 2863
2863 2871
2871 2871
2871 2863
2863 2856
2856 2839
2839 2817
2817 2794
2794 2757
2757 2719
2719 2683
2683 2632
2632 2583
2583 2527
2527 2467
2467 2401
2401 2331
2331 2256
2256 2178
2178 2097
2097 2013
2013 1923
1923 1827
1827 1731
1731 1630
1630 1527
1527 1423
1423 1312
1312 1203
1203 1089
1089 975
975 858
858 739
739 619
619 499
499 376
376 255
255 132
132 7
7 -116
-116 -239
-239 -360
-360 -483
-483 -605
-605 -725
-725 -843
-843 -960
-960 -1076
-1076 -1190
-1190 -1301
-1301 -1410
-1410 -1517
-1517 -1619
-1619 -1718
-1718 -1818
-1818 -1910
-1910 -2000
-2000 -2088
-2088 -2168
-2168 -2246
-2246 -2327
-2327 -2396
-2396 -2462
-2462 -2523
-2523 -2577
-2577 -2627
-2627 -2678
-2678 -2721
-2721 -2759
-2759 -2789
-2789 -2819
-2819 -2834
-2834 -2858
-2858 -2865
-2865 -2873
-2873 -2873
-2873 -2865
-2865 -2858
-2858 -2841
-2841 -2819
-2819 -2796
-2796 -2766
-2766 -2729
-2729 -2693
-2693 -2642
-2642 -2592
-2592 -2537
-2537 -2475
-2475 -2415
-2415 -2345
-2345 -2270
-2270 -2192
-2192 -2111
-2111 -2027
-2027 -1935
-1935 -1844
-1844 -1746
-1746 -1650
-1650 -1547
-1547 -1440
-1440 -1332
-1332 -1221
-1221 -1109
-1109 -995
-995 -876
-876 -759
-759 -638
-638 -518
-518 -396
-396 -275
-275 -150
-150 -27
-27 96
96 219
219 342
342 465
465 585
585 705
705 823
823 943
943 1056
1056 1171
1171 1284
1284 1393
1393 1498
1498 1603
1603 1702
1702 1801
1801 1897
1897 1986
1986 2074
2074 2154
2154 2238
2238 2311
2311 2382
2382 2446
2446 2514
2514 2569
2569 2619
2619 2668
2668 2712
2712 2749
2749 2779
2779 2809
2809 2832
2832 2847
2847 2863
2863 2871
2871 2871
2871 2863
2863 2856
2856 2839
2839 2824
2824 2802
2802 2772
2772 2734
2734 2697
2697 2647
2647 2598
2598 2541
2541 2487
2487 2421
2421 2349
2349 2280
2280 2202
2202 2119
2119 2035
2035 1950
1950 1857
1857 1758
1758 1662
1662 1557
1557 1455
1455 1345
1345 1236
1236 1122
1122 1009
1009 891
891 774
774 654
654 534
534 411
411 289
289 166
166 43
43 -80
-80 -204
-204 -327
-327 -449
-449 -570
-570 -690
-690 -810
-810 -927
-927 -1041
-1041 -1157
-1157 -1269
-1269 -1380
-1380 -1484
-1484 -1589
-1589 -1691
-1691 -1790
-1790 -1884
-1884 -1977
-1977 -2066
-2066 -2145
-2145 -2228
-2228 -2301
-2301 -2378
-2378 -2442
-2442 -2502
-2502 -2564
-2564 -2613
-2613 -2663
-2663 -2706
-2706 -2744
-2744 -2781
-2781 -2811
-2811 -2834
-2834 -2849
-2849 -2865
-2865 -2873
-2873 -2873
-2873 -2873
-2873 -2865
-2865 -2849
-2849 -2826
-2826 -2804
-2804 -2774
-2774 -2744
-2744 -2699
-2699 -2655
-2655 -2606
-2606 -2558
-2558 -2496
-2496 -2429
-2429 -2364
-2364 -2295
-2295 -2216
-2216 -2133
-2133 -2048
-2048 -1962
-1962 -1868
-1868 -1775
-1775 -1677
-1677 -1575
-1575 -1469
-1469 -1361
-1361 -1251
-1251 -1142
-1142 -1028
-1028 -909
-909 -792
-792 -674
-674 -554
-554 -431
-431 -309
-309 -186
-186 -63
-63 61
61 184
184 307
307 429
429 552
552 672
672 790
790 907
907 1026
1026 1140
1140 1249
1249 1359
1359 1467
1467 1573
1573 1675
1675 1773
1773 1866
1866 1960
1960 2046
2046 2131
2131 2214
2214 2293
2293 2362
2362 2427
2427 2494
2494 2556
2556 2604
2604 2653
2653 2697
2697 2742
2742 2772
2772 2802
2802 2824
2824 2847
2847 2863
2863 2871
2871 2871
2871 2871
2871 2863
2863 2847
2847 2832
2832 2809
2809 2779
2779 2742
2742 2704
2704 2661
2661 2611
2611 2562
2562 2500
2500 2440
2440 2376
2376 2299
2299 2226
2226 2143
2143 2064
2064 1975
1975 1882
1882 1788
1788 1689
1689 1587
1587 1482
1482 1378
1378 1267
1267 1155
1155 1039
1039 925
925 808
808 688
688 568
568 447
447 325
325 202
202 78
78 -45
-45 -168
-168 -291
-291 -413
-413 -536
-536 -656
-656 -776
-776 -893
-893 -1011
-1011 -1124
-1124 -1238
-1238 -1347
-1347 -1457
-1457 -1559
-1559 -1664
-1664 -1760
-1760 -1859
-1859 -1952
-1952 -2037
-2037 -2121
-2121 -2204
-2204 -2282
-2282 -2351
-2351 -2423
-2423 -2489
-2489 -2543
-2543 -2600
-2600 -2649
-2649 -2699
-2699 -2736
-2736 -2774
-2774 -2804
-2804 -2826
-2826 -2841
-2841 -2858
-2858 -2865
-2865 -2873
-2873 -2873
-2873 -2865
-2865 -2849
-2849 -2834
-2834 -2811
-2811 -2781
-2781 -2751
-2751 -2714
-2714 -2670
-2670 -2621
-2621 -2571
-2571 -2516
-2516 -2448
-2448 -2384
-2384 -2313
-2313 -2240
-2240 -2156
-2156 -2076
-2076 -1988
-1988 -1899
-1899 -1803
-1803 -1704
-1704 -1605
-1605 -1500
-1500 -1395
-1395 -1286
-1286 -1173
-1173 -1058
-1058 -945
-945 -825
-825 -707
-707 -587
-587 -467
-467 -344
-344 -221
-221 -98
-98 25
25 148
148 273
273 394
394 516
516 636
636 757
757 874
874 993
993 1107
1107 1219
1219 1330
1330 1438
1438 1545
1545 1648
1648 1744
1744 1842
1842 1933
1933 2025
2025 2109
2109 2190
2190 2268
2268 2343
2343 2413
2413 2473
2473 2535
2535 2590
2590 2640
2640 2691
2691 2727
2727 2764
2764 2794
2794 2817
2817 2839
2839 2856
2856 2863
2863 2871
2871 2871
2871 2863
2863 2856
2856 2832
2832 2817
2817 2787
2787 2757
2757 2719
2719 2676
2676 2625
2625 2575
2575 2521
2521 2460
2460 2394
2394 2325
2325 2244
2244 2166
2166 2086
2086 1998
1998 1908
1908 1816
1816 1716
1716 1617
1617 1515
1515 1408
1408 1299
1299 1188
1188 1074
1074 958
958 841
841 723
723 603
603 481
481 358
358 237
237 114
114 -9
-9 -134
-131 -251
-251 -371
-371 -489
-489 -608
-608 -725
-725 -842
-842 -956
-956 -1067
-1067 -1179
-1179 -1286
-1286 -1395
-1395 -1496
-1496 -1598
-1598 -1695
-1695 -1790
-1790 -1884
-1884 -1973
-1973 -2054
-2054 -2133
-2133 -2210
-2210 -2282
-2282 -2351
-2351 -2415
-2415 -2475
-2475 -2529
-2529 -2577
-2577 -2627
-2627 -2663
-2663 -2699
-2699 -2736
-2736 -2759
-2759 -2781
-2781 -2796
-2796 -2804
-2804 -2811
-2811 -2811
-2811 -2804
-2804 -2796
-2796 -2781
-2781 -2759
-2759 -2736
-2736 -2699
-2699 -2663
-2663 -2627
-2627 -2577
-2577 -2529
-2529 -2475
-2475 -2415
-2415 -2351
-2351 -2282
-2282 -2210
-2210 -2133
-2133 -2054
-2054 -1973
-1973 -1884
-1884 -1790
-1790 -1695
-1695 -1598
-1598 -1496
-1496 -1395
-1395 -1286
-1286 -1179
-1179 -1067
-1067 -956
-956 -842
-842 -725
-725 -608
-608 -489
-489 -371
-371 -251
-251 -131
-131 -9
-9 111
111 232
232 351
351 471
471 589
589 708
708 823
823 937
937 1051
1051 1162
1162 1270
1270 1378
1378 1482
1482 1582
1582 1680
1680 1777
1777 1866
1866 1954
1954 2041
2041 2119
2119 2196
2196 2274
2274 2343
2343 2407
2407 2467
2467 2521
2521 2569
2569 2619
2619 2661
2661 2697
2697 2727
2727 2757
2757 2772
2772 2794
2794 2802
2802 2809
2809 2809
2809 2802
2802 2794
2794 2779
2779 2757
2757 2734
2734 2704
2704 2668
2668 2632
2632 2583
2583 2535
2535 2481
2481 2421
2421 2362
2362 2293
2293 2220
2220 2143
2143 2064
2064 1981
1981 1891
1891 1801
1801 1707
1707 1612
1612 1510
1510 1408
1408 1302
1302 1194
1194 1083
1083 972
972 855
855 741
741 622
622 505
505 387
387 267
267 145
145 25
25 -96
-96 -216
-216 -336
-336 -456
-456 -575
-575 -692
-692 -807
-807 -924
-924 -1035
-1035 -1148
-1148 -1259
-1259 -1365
-1365 -1469
-1469 -1571
-1571 -1668
-1668 -1766
-1766 -1859
-1859 -1946
-1946 -2031
-2031 -2111
-2111 -2192
-2192 -2264
-2264 -2333
-2333 -2396
-2396 -2462
-2462 -2516
-2516 -2564
-2564 -2613
-2613 -2655
-2655 -2693
-2693 -2721
-2721 -2751
-2751 -2774
-2774 -2789
-2789 -2804
-2804 -2811
-2811 -2811
-2811 -2804
-2804 -2796
-2796 -2781
-2781 -2766
-2766 -2744
-2744 -2714
-2714 -2678
-2678 -2642
-2642 -2592
-2592 -2543
-2543 -2489
-2489 -2436
-2436 -2370
-2370 -2301
-2301 -2234
-2234 -2156
-2156 -2076
-2076 -1994
-1994 -1910
-1910 -1818
-1818 -1722
-1722 -1628
-1628 -1524
-1524 -1425
-1425 -1317
-1317 -1212
-1212 -1100
-1100 -989
-989 -873
-873 -759
-759 -642
-642 -524
-524 -404
-404 -285
-285 -165
-165 -44
-44 76
76 198
198 318
318 436
436 556
556 673
673 790
790 906
906 1017
1017 1131
1131 1240
1240 1348
1348 1450
1450 1552
1552 1653
1653 1749
1749 1842
1842 1933
1933 2019
2019 2097
2097 2178
2178 2250
2250 2325
2325 2388
2388 2446
2446 2508
2508 2556
2556 2604
2604 2647
2647 2683
2683 2719
2719 2749
2749 2772
2772 2787
2787 2802
2802 2809
2809 2809
2809 2809
2809 2802
2802 2787
2787 2764
2764 2742
2742 2712
2712 2683
2683 2640
2640 2598
2598 2548
2548 2500
2500 2440
2440 2376
2376 2311
2311 2244
2244 2166
2166 2086
2086 2002
2002 1918
1918 1827
1827 1735
1735 1639
1639 1540
1540 1435
1435 1330
1330 1222
1222 1116
1116 1003
1003 888
888 774
774 657
657 540
540 420
420 300
300 180
180 60
60 -62
-62 -182
-182 -302
-302 -422
-422 -542
-542 -659
-659 -776
-776 -890
-890 -1005
-1005 -1118
-1118 -1224
-1224 -1332
-1332 -1437
-1437 -1542
-1542 -1641
-1641 -1737
-1737 -1829
-1829 -1920
-1920 -2004
-2004 -2088
-2088 -2168
-2168 -2246
-2246 -2313
-2313 -2378
-2378 -2442
-2442 -2502
-2502 -2550
-2550 -2600
-2600 -2642
-2642 -2685
-2685 -2714
-2714 -2744
-2744 -2766
-2766 -2789
-2789 -2804
-2804 -2811
-2811 -2811
-2811 -2811
-2811 -2804
-2804 -2789
-2789 -2774
-2774 -2751
-2751 -2721
-2721 -2685
-2685 -2649
-2649 -2606
-2606 -2558
-2558 -2510
-2510 -2448
-2448 -2390
-2390 -2327
-2327 -2252
-2252 -2180
-2180 -2099
-2099 -2021
-2021 -1935
-1935 -1844
-1844 -1751
-1751 -1655
-1655 -1554
-1554 -1452
-1452 -1350
-1350 -1242
-1242 -1133
-1133 -1019
-1019 -908
-908 -792
-792 -675
-675 -558
-558 -438
-438 -320
-320 -200
-200 -78
-78 42
42 163
163 283
283 402
402 522
522 640
640 757
757 871
871 987
987 1098
1098 1210
1210 1315
1315 1423
1423 1522
1522 1626
1626 1720
1720 1816
1816 1908
1908 1992
1992 2074
2074 2154
2154 2232
2232 2299
2299 2368
2368 2434
2434 2487
2487 2541
2541 2590
2590 2640
2640 2676
2676 2712
2712 2742
2742 2764
2764 2779
2779 2794
2794 2802
2802 2809
2809 2809
2809 2802
2802 2787
2787 2772
2772 2749
2749 2719
2719 2691
2691 2653
2653 2611
2611 2562
2562 2514
2514 2460
2460 2394
2394 2331
2331 2262
2262 2190
2190 2109
2109 2029
2029 1944
1944 1857
1857 1764
1764 1666
1666 1569
1569 1467
1467 1363
1363 1257
1257 1146
1146 1033
1033 922
922 805
805 690
690 573
573 454
454 334
334 214
214 94
94 -27
-27 -147
-147 -269
-269 -389
-389 -507
-507 -624
-624 -743
-743 -857
-857 -974
-974 -1085
-1085 -1196
-1196 -1304
-1304 -1410
-1410 -1512
-1512 -1614
-1614 -1709
-1709 -1803
-1803 -1893
-1893 -1983
-1983 -2066
-2066 -2145
-2145 -2222
-2222 -2295
-2295 -2364
-2364 -2423
-2423 -2483
-2483 -2537
-2537 -2585
-2585 -2634
-2634 -2670
-2670 -2706
-2706 -2736
-2736 -2759
-2759 -2781
-2781 -2796
-2796 -2804
-2804 -2811
-2811 -2811
-2811 -2804
-2804 -2796
-2796 -2774
-2774 -2759
-2759 -2729
-2729 -2699
-2699 -2663
-2663 -2621
-2621 -2571
-2571 -2523
-2523 -2469
-2469 -2409
-2409 -2345
-2345 -2276
-2276 -2198
-2198 -2121
-2121 -2043
-2043 -1956
-1956 -1868
-1868 -1779
-1779 -1682
-1682 -1584
-1584 -1484
-1484 -1380
-1380 -1272
-1272 -1164
-1164 -1053
-1053 -939
-939 -825
-825 -710
-710 -591
-591 -473
-473 -353
-353 -234
-234 -113
-113 7
7 129
129 249
249 369
369 487
487 606
606 723
723 840
840 954
954 1065
1065 1177
1177 1284
1284 1393
1393 1494
1494 1596
1596 1693
1693 1788
1788 1882
1882 1971
1971 2052
2052 2131
2131 2208
2208 2280
2280 2349
2349 2413
2413 2473
2473 2527
2527 2575
2575 2625
2625 2661
2661 2697
2697 2734
2734 2757
2757 2779
2779 2794
2794 2802
2802 2809
2809 2809
2809 2802
2802 2794
2794 2779
2779 2757
2757 2734
2734 2697
2697 2661
2661 2625
2625 2575
2575 2527
2527 2473
2473 2413
2413 2349
2349 2280
2280 2208
2208 2131
2131 2052
2052 1971
1971 1882
1882 1788
1788 1693
1693 1596
1596 1494
1494 1393
1393 1284
1284 1177
1177 1065
1065 954
954 840
840 723
723 606
606 487
487 369
369 249
249 129
129 7
7 -113
-113 -234
-234 -353
-353 -473
-473 -591
-591 -710
-710 -825
-825 -939
-939 -1053
-1053 -1164
-1164 -1272
-1272 -1380
-1380 -1484
-1484 -1584
-1584 -1682
-1682 -1779
-1779 -1868
-1868 -1956
-1956 -2043
-2043 -2121
-2121 -2198
-2198 -2276
-2276 -2345
-2345 -2409
-2409 -2469
-2469 -2523
-2523 -2571
-2571 -2621
-2621 -2663
-2663 -2699
-2699 -2729
-2729 -2759
-2759 -2774
-2774 -2796
-2796 -2804
-2804 -2811
-2811 -2811
-2811 -2804
-2804 -2796
-2796 -2781
-2781 -2759
-2759 -2736
-2736 -2706
-2706 -2670
-2670 -2634
-2634 -2585
-2585 -2537
-2537 -2483
-2483 -2423
-2423 -2364
-2364 -2295
-2295 -2222
-2222 -2145
-2145 -2066
-2066 -1983
-1983 -1893
-1893 -1803
-1803 -1709
-1709 -1614
-1614 -1512
-1512 -1410
-1410 -1304
-1304 -1196
-1196 -1085
-1085 -974
-974 -857
-857 -743
-743 -624
-624 -507
-507 -389
-389 -269
-269 -147
-147 -27
-27 94
94 214
214 334
334 454
454 573
573 690
690 805
805 922
922 1033
1033 1146
1146 1257
1257 1363
1363 1467
1467 1569
1569 1666
1666 1764
1764 1857
1857 1944
1944 2029
2029 2109
2109 2190
2190 2262
2262 2331
2331 2394
2394 2460
2460 2514
2514 2562
2562 2611
2611 2653
2653 2691
2691 2719
2719 2749
2749 2772
2772 2787
2787 2802
2802 2809
2809 2809
2809 2802
2802 2794
2794 2779
2779 2764
2764 2742
2742 2712
2712 2676
2676 2640
2640 2590
2590 2541
2541 2487
2487 2434
2434 2368
2368 2299
2299 2232
2232 2154
2154 2074
2074 1992
1992 1908
1908 1816
1816 1720
1720 1626
1626 1522
1522 1423
1423 1315
1315 1210
1210 1098
1098 987
987 871
871 757
757 640
640 522
522 402
402 283
283 163
163 42
42 -78
-78 -200
-200 -320
-320 -438
-438 -558
-558 -675
-675 -792
-792 -908
-908 -1019
-1019 -1133
-1133 -1242
-1242 -1350
-1350 -1452
-1452 -1554
-1554 -1655
-1655 -1751
-1751 -1844
-1844 -1935
-1935 -2021
-2021 -2099
-2099 -2180
-2180 -2252
-2252 -2327
-2327 -2390
-2390 -2448
-2448 -2510
-2510 -2558
-2558 -2606
-2606 -2649
-2649 -2685
-2685 -2721
-2721 -2751
-2751 -2774
-2774 -2789
-2789 -2804
-2804 -2811
-2811 -2811
-2811 -2811
-2811 -2804
-2804 -2789
-2789 -2766
-2766 -2744
-2744 -2714
-2714 -2685
-2685 -2642
-2642 -2600
-2600 -2550
-2550 -2502
-2502 -2442
-2442 -2378
-2378 -2313
-2313 -2246
-2246 -2168
-2168 -2088
-2088 -2004
-2004 -1920
-1920 -1829
-1829 -1737
-1737 -1641
-1641 -1542
-1542 -1437
-1437 -1332
-1332 -1224
-1224 -1118
-1118 -1005
-1005 -890
-890 -776
-776 -659
-659 -542
-542 -422
-422 -302
-302 -182
-182 -62
-62 60
60 180
180 300
300 420
420 540
540 657
657 774
774 888
888 1003
1003 1116
1116 1222
1222 1330
1330 1435
1435 1540
1540 1639
1639 1735
1735 1827
1827 1918
1918 2002
2002 2086
2086 2166
2166 2244
2244 2311
2311 2376
2376 2440
2440 2500
2500 2548
2548 2598
2598 2640
2640 2683
2683 2712
2712 2742
2742 2764
2764 2787
2787 2802
2802 2809
2809 2809
2809 2809
2809 2802
2802 2787
2787 2772
2772 2749
2749 2719
2719 2683
2683 2647
2647 2604
2604 2556
2556 2508
2508 2446
2446 2388
2388 2325
2325 2250
2250 2178
2178 2097
2097 2019
2019 1933
1933 1842
1842 1749
1749 1653
1653 1552
1552 1450
1450 1348
1348 1240
1240 1131
1131 1017
1017 906
906 790
790 673
673 556
556 436
436 318
318 198
198 76
76 -44
-44 -165
-165 -285
-285 -404
-404 -524
-524 -642
-642 -759
-759 -873
-873 -989
-989 -1100
-1100 -1212
-1212 -1317
-1317 -1425
-1425 -1524
-1524 -1628
-1628 -1722
-1722 -1818
-1818 -1910
-1910 -1994
-1994 -2076
-2076 -2156
-2156 -2234
-2234 -2301
-2301 -2370
-2370 -2436
-2436 -2489
-2489 -2543
-2543 -2592
-2592 -2642
-2642 -2678
-2678 -2714
-2714 -2744
-2744 -2766
-2766 -2781
-2781 -2796
-2796 -2804
-2804 -2811
-2811 -2811
-2811 -2804
-2804 -2789
-2789 -2774
-2774 -2751
-2751 -2721
-2721 -2693
-2693 -2655
-2655 -2613
-2613 -2564
-2564 -2516
-2516 -2462
-2462 -2396
-2396 -2333
-2333 -2264
-2264 -2192
-2192 -2111
-2111 -2031
-2031 -1946
-1946 -1859
-1859 -1766
-1766 -1668
-1668 -1571
-1571 -1469
-1469 -1365
-1365 -1259
-1259 -1148
-1148 -1035
-1035 -924
-924 -807
-807 -692
-692 -575
-575 -456
-456 -336
-336 -216
-216 -96
-96 25
25 145
145 267
267 387
387 505
505 622
622 741
741 855
855 972
972 1083
1083 1194
1194 1302
1302 1408
1408 1510
1510 1612
1612 1707
1707 1801
1801 1891
1891 1981
1981 2064
2064 2143
2143 2220
2220 2293
2293 2362
2362 2421
2421 2481
2481 2535
2535 2583
2583 2632
2632 2668
2668 2704
2704 2734
2734 2757
2757 2779
2779 2794
2794 2802
2802 2809
2809 2809
2809 2802
2802 2794
2794 2772
2772 2757
2757 2727
2727 2697
2697 2661
2661 2619
2619 2569
2569 2521
2521 2467
2467 2407
2407 2343
2343 2274
2274 2196
2196 2119
2119 2041
2041 1954
1954 1866
1866 1777
1777 1680
1680 1582
1582 1482
1482 1378
1378 1270
1270 1162
1162 1051
1051 937
937 823
823 708
708 589
589 471
471 351
351 232
232 111
111 -9
-9 -131
-128 -245
-245 -363
-363 -479
-479 -596
-596 -710
-710 -824
-824 -935
-935 -1044
-1044 -1154
-1154 -1259
-1259 -1365
-1365 -1464
-1464 -1563
-1563 -1659
-1659 -1751
-1751 -1844
-1844 -1931
-1931 -2010
-2010 -2088
-2088 -2162
-2162 -2234
-2234 -2301
-2301 -2364
-2364 -2423
-2423 -2475
-2475 -2523
-2523 -2571
-2571 -2606
-2606 -2642
-2642 -2678
-2678 -2699
-2699 -2721
-2721 -2736
-2736 -2744
-2744 -2751
-2751 -2751
-2751 -2744
-2744 -2736
-2736 -2721
-2721 -2699
-2699 -2678
-2678 -2642
-2642 -2606
-2606 -2571
-2571 -2523
-2523 -2475
-2475 -2423
-2423 -2364
-2364 -2301
-2301 -2234
-2234 -2162
-2162 -2088
-2088 -2010
-2010 -1931
-1931 -1844
-1844 -1751
-1751 -1659
-1659 -1563
-1563 -1464
-1464 -1365
-1365 -1259
-1259 -1154
-1154 -1044
-1044 -935
-935 -824
-824 -710
-710 -596
-596 -479
-479 -363
-363 -245
-245 -128
-128 -9
-9 109
109 226
226 343
343 460
460 577
577 693
693 805
805 918
918 1029
1029 1137
1137 1243
1243 1348
1348 1450
1450 1548
1548 1644
1644 1740
1740 1827
1827 1912
1912 1998
1998 2074
2074 2149
2149 2226
2226 2293
2293 2356
2356 2413
2413 2467
2467 2514
2514 2562
2562 2604
2604 2640
2640 2668
2668 2697
2697 2712
2712 2734
2734 2742
2742 2749
2749 2749
2749 2742
2742 2734
2734 2719
2719 2697
2697 2676
2676 2647
2647 2611
2611 2575
2575 2527
2527 2481
2481 2427
2427 2368
2368 2311
2311 2244
2244 2172
2172 2097
2097 2019
2019 1938
1938 1851
1851 1764
1764 1671
1671 1578
1578 1479
1479 1378
1378 1273
1273 1168
1168 1059
1059 951
951 837
837 724
724 609
609 495
495 378
378 261
261 142
142 24
24 -93
-93 -212
-212 -329
-329 -447
-447 -563
-563 -677
-677 -791
-791 -905
-905 -1014
-1014 -1124
-1124 -1232
-1232 -1335
-1335 -1437
-1437 -1538
-1538 -1632
-1632 -1727
-1727 -1818
-1818 -1904
-1904 -1988
-1988 -2066
-2066 -2145
-2145 -2216
-2216 -2282
-2282 -2345
-2345 -2409
-2409 -2462
-2462 -2510
-2510 -2558
-2558 -2600
-2600 -2634
-2634 -2663
-2663 -2693
-2693 -2714
-2714 -2729
-2729 -2744
-2744 -2751
-2751 -2751
-2751 -2744
-2744 -2736
-2736 -2721
-2721 -2706
-2706 -2685
-2685 -2655
-2655 -2621
-2621 -2585
-2585 -2537
-2537 -2489
-2489 -2436
-2436 -2384
-2384 -2319
-2319 -2252
-2252 -2186
-2186 -2111
-2111 -2031
-2031 -1952
-1952 -1868
-1868 -1779
-1779 -1686
-1686 -1593
-1593 -1493
-1493 -1395
-1395 -1289
-1289 -1185
-1185 -1076
-1076 -968
-968 -855
-855 -743
-743 -629
-629 -513
-513 -396
-396 -279
-279 -161
-161 -44
-44 75
75 193
193 310
310 427
427 544
544 660
660 774
774 886
886 996
996 1107
1107 1213
1213 1320
1320 1419
1419 1519
1519 1617
1617 1711
1711 1801
1801 1891
1891 1975
1975 2052
2052 2131
2131 2202
2202 2274
2274 2337
2337 2394
2394 2454
2454 2500
2500 2548
2548 2590
2590 2625
2625 2661
2661 2691
2691 2712
2712 2727
2727 2742
2742 2749
2749 2749
2749 2749
2749 2742
2742 2727
2727 2704
2704 2683
2683 2653
2653 2625
2625 2583
2583 2541
2541 2494
2494 2446
2446 2388
2388 2325
2325 2262
2262 2196
2196 2119
2119 2041
2041 1960
1960 1876
1876 1788
1788 1698
1698 1603
1603 1507
1507 1404
1404 1302
1302 1197
1197 1092
1092 982
982 870
870 757
757 643
643 528
528 411
411 294
294 177
177 58
58 -60
-60 -179
-179 -296
-296 -413
-413 -530
-530 -645
-645 -759
-759 -872
-872 -984
-984 -1094
-1094 -1199
-1199 -1304
-1304 -1406
-1406 -1509
-1509 -1605
-1605 -1700
-1700 -1790
-1790 -1878
-1878 -1962
-1962 -2043
-2043 -2121
-2121 -2198
-2198 -2264
-2264 -2327
-2327 -2390
-2390 -2448
-2448 -2496
-2496 -2543
-2543 -2585
-2585 -2627
-2627 -2655
-2655 -2685
-2685 -2706
-2706 -2729
-2729 -2744
-2744 -2751
-2751 -2751
-2751 -2751
-2751 -2744
-2744 -2729
-2729 -2714
-2714 -2693
-2693 -2663
-2663 -2627
-2627 -2592
-2592 -2550
-2550 -2502
-2502 -2456
-2456 -2396
-2396 -2339
-2339 -2276
-2276 -2204
-2204 -2133
-2133 -2054
-2054 -1977
-1977 -1893
-1893 -1803
-1803 -1713
-1713 -1619
-1619 -1521
-1521 -1421
-1421 -1322
-1322 -1215
-1215 -1109
-1109 -998
-998 -888
-888 -776
-776 -662
-662 -546
-546 -429
-429 -312
-312 -195
-195 -77
-77 42
42 159
159 277
277 394
394 511
511 627
627 741
741 853
853 966
966 1074
1074 1183
1183 1287
1287 1393
1393 1491
1491 1591
1591 1684
1684 1777
1777 1866
1866 1950
1950 2029
2029 2109
2109 2184
2184 2250
2250 2317
2317 2382
2382 2434
2434 2487
2487 2535
2535 2583
2583 2619
2619 2653
2653 2683
2683 2704
2704 2719
2719 2734
2734 2742
2742 2749
2749 2749
2749 2742
2742 2727
2727 2712
2712 2691
2691 2661
2661 2632
2632 2598
2598 2556
2556 2508
2508 2460
2460 2407
2407 2343
2343 2280
2280 2214
2214 2143
2143 2064
2064 1986
1986 1902
1902 1816
1816 1725
1725 1630
1630 1536
1536 1435
1435 1333
1333 1230
1230 1122
1122 1012
1012 903
903 789
789 675
675 561
561 445
445 327
327 210
210 91
91 -26
-26 -144
-144 -263
-263 -380
-380 -497
-497 -611
-611 -726
-726 -839
-839 -953
-953 -1061
-1061 -1170
-1170 -1275
-1275 -1380
-1380 -1481
-1481 -1580
-1580 -1673
-1673 -1766
-1766 -1853
-1853 -1940
-1940 -2021
-2021 -2099
-2099 -2174
-2174 -2246
-2246 -2313
-2313 -2370
-2370 -2429
-2429 -2483
-2483 -2529
-2529 -2577
-2577 -2613
-2613 -2649
-2649 -2678
-2678 -2699
-2699 -2721
-2721 -2736
-2736 -2744
-2744 -2751
-2751 -2751
-2751 -2744
-2744 -2736
-2736 -2714
-2714 -2699
-2699 -2670
-2670 -2642
-2642 -2606
-2606 -2564
-2564 -2516
-2516 -2469
-2469 -2415
-2415 -2358
-2358 -2295
-2295 -2228
-2228 -2151
-2151 -2076
-2076 -2000
-2000 -1914
-1914 -1829
-1829 -1742
-1742 -1646
-1646 -1550
-1550 -1452
-1452 -1350
-1350 -1245
-1245 -1139
-1139 -1031
-1031 -920
-920 -807
-807 -695
-695 -579
-579 -462
-462 -345
-345 -228
-228 -111
-111 7
7 126
126 243
243 361
361 477
477 594
594 708
708 822
822 933
933 1042
1042 1152
1152 1257
1257 1363
1363 1462
1462 1561
1561 1657
1657 1749
1749 1842
1842 1929
1929 2008
2008 2086
2086 2160
2160 2232
2232 2299
2299 2362
2362 2421
2421 2473
2473 2521
2521 2569
2569 2604
2604 2640
2640 2676
2676 2697
2697 2719
2719 2734
2734 2742
2742 2749
2749 2749
2749 2742
2742 2734
2734 2719
2719 2697
2697 2676
2676 2640
2640 2604
2604 2569
2569 2521
2521 2473
2473 2421
2421 2362
2362 2299
2299 2232
2232 2160
2160 2086
2086 2008
2008 1929
1929 1842
1842 1749
1749 1657
1657 1561
1561 1462
1462 1363
1363 1257
1257 1152
1152 1042
1042 933
933 822
822 708
708 594
594 477
477 361
361 243
243 126
126 7
7 -111
-111 -228
-228 -345
-345 -462
-462 -579
-579 -695
-695 -807
-807 -920
-920 -1031
-1031 -1139
-1139 -1245
-1245 -1350
-1350 -1452
-1452 -1550
-1550 -1646
-1646 -1742
-1742 -1829
-1829 -1914
-1914 -2000
-2000 -2076
-2076 -2151
-2151 -2228
-2228 -2295
-2295 -2358
-2358 -2415
-2415 -2469
-2469 -2516
-2516 -2564
-2564 -2606
-2606 -2642
-2642 -2670
-2670 -2699
-2699 -2714
-2714 -2736
-2736 -2744
-2744 -2751
-2751 -2751
-2751 -2744
-2744 -2736
-2736 -2721
-2721 -2699
-2699 -2678
-2678 -2649
-2649 -2613
-2613 -2577
-2577 -2529
-2529 -2483
-2483 -2429
-2429 -2370
-2370 -2313
-2313 -2246
-2246 -2174
-2174 -2099
-2099 -2021
-2021 -1940
-1940 -1853
-1814 -1727
-1727 -1637
-1637 -1547
-1547 -1449
-1449 -1350
-1350 -1248
-1248 -1145
-1145 -1038
-1038 -932
-932 -821
-821 -711
-711 -599
-599 -486
-486 -372
-372 -257
-257 -141
-141 -26
-26 90
90 205
205 321
321 435
435 549
549 661
661 772
772 883
883 990
990 1098
1098 1203
1203 1305
1305 1404
1404 1503
1503 1596
1596 1689
1689 1777
1777 1861
1861 1944
1944 2019
2019 2097
2097 2166
2166 2232
2232 2293
2293 2356
2356 2407
2407 2454
2454 2500
2500 2541
2541 2575
2575 2604
2604 2632
2632 2653
2653 2668
2668 2683
2683 2691
2691 2691
2691 2683
2683 2676
2676 2661
2661 2647
2647 2625
2625 2598
2598 2562
2562 2527
2527 2481
2481 2434
2434 2382
2382 2331
2331 2268
2268 2202
2202 2137
2137 2064
2064 1986
1986 1908
1908 1827
1827 1740
1740 1648
1648 1557
1557 1458
1458 1363
1363 1260
1260 1158
1158 1051
1051 945
945 835
835 724
724 613
613 499
499 385
385 271
271 156
156 40
40 -75
-75 -191
-191 -306
-306 -420
-420 -534
-534 -647
-647 -759
-759 -869
-869 -977
-977 -1085
-1085 -1190
-1190 -1293
-1293 -1391
-1391 -1488
-1488 -1584
-1584 -1677
-1677 -1766
-1766 -1853
-1853 -1935
-1935 -2010
-2010 -2088
-2088 -2156
-2156 -2228
-2228 -2289
-2289 -2345
-2345 -2403
-2403 -2448
-2448 -2496
-2496 -2537
-2537 -2571
-2571 -2606
-2606 -2634
-2634 -2655
-2655 -2670
-2670 -2685
-2685 -2693
-2693 -2693
-2693 -2693
-2693 -2685
-2685 -2670
-2670 -2649
-2649 -2627
-2627 -2600
-2600 -2571
-2571 -2529
-2529 -2489
-2489 -2442
-2442 -2396
-2396 -2339
-2339 -2276
-2276 -2216
-2216 -2151
-2151 -2076
-2076 -2000
-2000 -1920
-1920 -1838
-1838 -1751
-1751 -1664
-1664 -1571
-1571 -1476
-1476 -1376
-1376 -1275
-1275 -1173
-1173 -1070
-1070 -963
-963 -852
-852 -743
-743 -632
-632 -518
-518 -404
-404 -290
-290 -174
-174 -59
-59 57
57 172
172 288
288 402
402 516
516 630
630 741
741 850
850 961
961 1068
1068 1171
1171 1273
1273 1374
1374 1474
1474 1569
1569 1662
1662 1749
1749 1836
1836 1918
1918 1998
1998 2074
2074 2149
2149 2214
2214 2274
2274 2337
2337 2394
2394 2440
2440 2487
2487 2527
2527 2569
2569 2598
2598 2625
2625 2647
2647 2668
2668 2683
2683 2691
2691 2691
2691 2691
2691 2683
2683 2668
2668 2653
2653 2632
2632 2604
2604 2569
2569 2535
2535 2494
2494 2446
2446 2401
2401 2343
2343 2287
2287 2226
2226 2154
2154 2086
2086 2008
2008 1933
1933 1851
1851 1764
1764 1675
1675 1582
1582 1486
1486 1389
1389 1291
1291 1188
1188 1083
1083 975
975 867
867 757
757 645
645 532
532 418
418 304
304 189
189 73
73 -42
-42 -158
-158 -273
-273 -387
-387 -501
-501 -615
-615 -726
-726 -837
-837 -947
-947 -1053
-1053 -1160
-1160 -1262
-1262 -1365
-1365 -1460
-1460 -1559
-1559 -1650
-1650 -1742
-1742 -1829
-1829 -1910
-1910 -1988
-1946 -2021
-2021 -2093
-2093 -2156
-2156 -2222
-2222 -2282
-2282 -2333
-2333 -2384
-2384 -2429
-2429 -2475
-2475 -2510
-2510 -2543
-2543 -2571
-2571 -2592
-2592 -2606
-2606 -2621
-2621 -2627
-2627 -2634
-2634 -2634
-2634 -2627
-2627 -2613
-2613 -2600
-2600 -2577
-2577 -2550
-2550 -2523
-2523 -2489
-2489 -2448
-2448 -2403
-2403 -2358
-2358 -2307
-2307 -2246
-2246 -2186
-2186 -2121
-2121 -2054
-2054 -1977
-1977 -1904
-1904 -1823
-1823 -1742
-1742 -1655
-1655 -1563
-1563 -1472
-1472 -1376
-1376 -1280
-1280 -1179
-1179 -1076
-1076 -971
-971 -867
-867 -756
-756 -648
-648 -539
-539 -428
-428 -315
-315 -203
-203 -90
-90 24
24 136
136 249
249 361
361 474
474 583
583 694
694 801
801 910
910 1014
1014 1119
1119 1219
1219 1320
1320 1416
1416 1510
1510 1599
1599 1689
1689 1773
1773 1857
1857 1933
1933 2008
2008 2080
2080 2149
2149 2214
2214 2268
2268 2325
2325 2376
2376 2421
2421 2467
2467 2500
2500 2535
2535 2562
2562 2583
2583 2604
2604 2619
2619 2625
2625 2632
2632 2632
2632 2625
2625 2619
2619 2598
2598 2583
2583 2556
2556 2527
2527 2494
2494 2454
2454 2407
2407 2362
2362 2311
2311 2256
2256 2196
2196 2131
2131 2058
2058 1986
1986 1912
1912 1831
1831 1749
1749 1666
1666 1573
1573 1482
1482 1389
1389 1291
1291 1191
1191 1089
1089 985
985 879
879 772
772 663
663 553
553 441
441 330
330 217
217 105
105 -9
-9 -122
-120 -230
-230 -341
-341 -449
-449 -558
-558 -665
-665 -771
-771 -876
-876 -978
-978 -1082
-1082 -1179
-1179 -1280
-1280 -1373
-1373 -1464
-1464 -1554
-1554 -1641
-1641 -1727
-1727 -1809
-1809 -1884
-1884 -1956
-1956 -2027
-2027 -2093
-2093 -2156
-2156 -2216
-2216 -2270
-2270 -2319
-2319 -2364
-2364 -2409
-2409 -2442
-2442 -2475
-2475 -2510
-2510 -2529
-2529 -2550
-2550 -2564
-2564 -2571
-2571 -2577
-2577 -2577
-2577 -2571
-2571 -2564
-2564 -2550
-2550 -2529
-2529 -2510
-2510 -2475
-2475 -2442
-2442 -2409
-2409 -2364
-2364 -2319
-2319 -2270
-2270 -2216
-2216 -2156
-2156 -2093
-2093 -2027
-2027 -1956
-1956 -1884
-1884 -1809
-1809 -1727
-1727 -1641
-1641 -1554
-1554 -1464
-1464 -1373
-1373 -1280
-1280 -1179
-1179 -1082
-1082 -978
-978 -876
-876 -771
-771 -665
-665 -558
-558 -449
-449 -341
-341 -230
-230 -120
-120 -9
-9 102
102 213
213 322
322 432
432 541
541 649
649 754
754 859
859 964
964 1065
1065 1165
1165 1263
1263 1359
1359 1450
1450 1540
1540 1630
1630 1711
1711 1792
1792 1872
1872 1944
1944 2013
2013 2086
2086 2149
2149 2208
2208 2262
2262 2311
2311 2356
2356 2401
2401 2440
2440 2473
2473 2500
2500 2527
2527 2541
2541 2562
2562 2569
2569 2575
2575 2575
2575 2569
2569 2562
2562 2548
2548 2527
2527 2508
2508 2481
2481 2446
2446 2413
2413 2368
2368 2325
2325 2274
2274 2220
2220 2166
2166 2103
2103 2035
2035 1965
1965 1891
1891 1816
1816 1735
1698 1617
1617 1531
1531 1447
1447 1356
1356 1263
1263 1168
1168 1071
1071 972
972 871
871 768
768 664
664 559
559 453
453 346
346 238
238 130
130 22
22 -86
-86 -194
-194 -302
-302 -410
-410 -516
-516 -621
-621 -725
-725 -830
-830 -930
-930 -1031
-1031 -1130
-1130 -1224
-1224 -1317
-1317 -1410
-1410 -1496
-1496 -1584
-1584 -1668
-1668 -1746
-1746 -1823
-1823 -1893
-1893 -1967
-1967 -2031
-2031 -2093
-2093 -2151
-2151 -2210
-2210 -2258
-2258 -2301
-2301 -2345
-2345 -2384
-2384 -2415
-2415 -2442
-2442 -2469
-2469 -2489
-2489 -2502
-2502 -2516
-2516 -2523
-2523 -2523
-2523 -2516
-2516 -2510
-2510 -2496
-2496 -2483
-2483 -2462
-2462 -2436
-2436 -2403
-2403 -2370
-2370 -2327
-2327 -2282
-2282 -2234
-2234 -2186
-2186 -2127
-2127 -2066
-2066 -2004
-2004 -1935
-1935 -1863
-1863 -1790
-1790 -1713
-1713 -1632
-1632 -1547
-1547 -1460
-1460 -1368
-1368 -1280
-1280 -1182
-1182 -1088
-1088 -987
-987 -888
-888 -785
-785 -681
-681 -576
-576 -470
-470 -363
-363 -257
-257 -147
-147 -39
-39 69
69 177
177 285
285 391
391 499
499 604
604 709
709 813
813 913
913 1014
1014 1113
1113 1210
1210 1302
1302 1393
1393 1482
1482 1569
1569 1653
1653 1735
1735 1812
1812 1882
1882 1954
1954 2019
2019 2086
2086 2143
2143 2196
2196 2250
2250 2293
2293 2337
2337 2376
2376 2407
2407 2440
2440 2467
2467 2487
2487 2500
2500 2514
2514 2521
2521 2521
2521 2521
2521 2514
2514 2500
2500 2481
2481 2460
2460 2434
2434 2407
2407 2368
2368 2331
2331 2287
2287 2244
2244 2190
2190 2131
2131 2074
2074 2013
2013 1944
1944 1872
1872 1797
1797 1720
1720 1639
1639 1557
1557 1470
1470 1381
1381 1287
1287 1194
1194 1098
1098 1000
1000 900
900 798
798 694
694 589
589 484
484 376
376 270
270 162
162 54
54 -56
-56 -164
-164 -272
-272 -378
-378 -486
-486 -591
-591 -696
-696 -800
-800 -902
-902 -1002
-1002 -1100
-1100 -1196
-1196 -1289
-1289 -1383
-1383 -1472
-1472 -1559
-1559 -1641
-1641 -1722
-1722 -1799
-1799 -1874
-1874 -1946
-1946 -2015
-2015 -2076
-2076 -2133
-2133 -2192
-2192 -2246
-2246 -2289
-2289 -2333
-2333 -2370
-2370 -2409
-2409 -2436
-2436 -2462
-2462 -2483
-2483 -2502
-2502 -2516
-2516 -2523
-2523 -2523
-2523 -2523
-2523 -2516
-2516 -2502
-2502 -2489
-2489 -2469
-2469 -2442
-2442 -2409
-2409 -2378
-2378 -2339
-2339 -2295
-2295 -2252
-2252 -2198
-2198 -2145
-2145 -2088
-2088 -2021
-2021 -1956
-1956 -1884
-1884 -1814
-1814 -1737
-1737 -1655
-1655 -1571
-1571 -1484
-1484 -1395
-1395 -1304
-1304 -1212
-1212 -1115
-1115 -1016
-1016 -915
-915 -815
-815 -711
-711 -606
-606 -501
-501 -393
-393 -287
-287 -179
-179 -71
-71 37
37 145
145 255
255 361
361 468
468 574
574 679
679 783
783 886
886 985
985 1086
1086 1180
1180 1278
1278 1366
1366 1458
1458 1545
1545 1630
1630 1711
1711 1788
1788 1861
1821 1891
1891 1960
1960 2019
2019 2080
2080 2137
2137 2184
2184 2232
2232 2274
2274 2317
2317 2349
2349 2382
2382 2407
2407 2427
2427 2440
2440 2454
2454 2460
2460 2467
2467 2467
2467 2460
2460 2446
2446 2434
2434 2413
2413 2388
2388 2362
2362 2331
2331 2293
2293 2250
2250 2208
2208 2160
2160 2103
2103 2046
2046 1986
1986 1923
1923 1851
1851 1782
1782 1707
1707 1630
1630 1548
1548 1462
1462 1378
1378 1287
1287 1197
1197 1104
1104 1006
1006 907
907 810
810 708
708 606
606 502
502 399
399 294
294 187
187 82
82 -24
-24 -129
-129 -236
-236 -341
-341 -446
-446 -549
-549 -653
-653 -753
-753 -855
-855 -953
-953 -1050
-1050 -1145
-1145 -1238
-1238 -1328
-1328 -1418
-1418 -1500
-1500 -1584
-1584 -1664
-1664 -1742
-1742 -1814
-1814 -1884
-1884 -1952
-1952 -2015
-2015 -2076
-2076 -2127
-2127 -2180
-2180 -2228
-2228 -2270
-2270 -2313
-2313 -2345
-2345 -2378
-2378 -2403
-2403 -2423
-2423 -2442
-2442 -2456
-2456 -2462
-2462 -2469
-2469 -2469
-2469 -2462
-2462 -2456
-2456 -2436
-2436 -2423
-2423 -2396
-2396 -2370
-2370 -2339
-2339 -2301
-2301 -2258
-2258 -2216
-2216 -2168
-2168 -2115
-2115 -2060
-2060 -2000
-2000 -1931
-1931 -1863
-1863 -1794
-1794 -1718
-1718 -1641
-1641 -1563
-1563 -1476
-1476 -1391
-1391 -1304
-1304 -1212
-1212 -1118
-1118 -1022
-1022 -924
-924 -825
-825 -725
-725 -623
-623 -519
-519 -416
-416 -311
-311 -206
-206 -99
-99 7
7 112
112 219
219 324
324 429
429 532
532 634
634 736
736 837
837 936
936 1033
1033 1128
1128 1222
1222 1312
1312 1401
1401 1486
1486 1569
1569 1653
1653 1731
1731 1801
1801 1872
1872 1938
1938 2002
2002 2064
2064 2119
2119 2172
2172 2220
2220 2262
2262 2305
2305 2337
2337 2368
2368 2401
2401 2421
2421 2440
2440 2454
2454 2460
2460 2467
2467 2467
2467 2460
2460 2454
2454 2440
2440 2421
2421 2401
2401 2368
2368 2337
2337 2305
2305 2262
2262 2220
2220 2172
2172 2119
2119 2064
2064 2002
2002 1938
1938 1872
1872 1801
1801 1731
1731 1653
1653 1569
1569 1486
1486 1401
1401 1312
1312 1222
1222 1128
1128 1033
1033 936
936 837
837 736
736 634
634 532
532 429
429 324
324 219
219 112
112 7
7 -99
-99 -206
-206 -311
-311 -416
-416 -519
-519 -623
-623 -725
-725 -825
-825 -924
-924 -1022
-1022 -1118
-1118 -1212
-1212 -1304
-1304 -1391
-1391 -1476
-1476 -1563
-1563 -1641
-1641 -1718
-1718 -1794
-1794 -1863
-1863 -1931
-1931 -2000
-2000 -2060
-2060 -2115
-2115 -2168
-2168 -2216
-2216 -2258
-2258 -2301
-2301 -2339
-2339 -2370
-2370 -2396
-2396 -2423
-2423 -2436
-2436 -2456
-2456 -2462
-2462 -2469
-2469 -2469
-2469 -2462
-2462 -2456
-2456 -2442
-2442 -2423
-2423 -2403
-2403 -2378
-2378 -2345
-2345 -2313
-2313 -2270
-2270 -2228
-2228 -2180
-2180 -2127
-2127 -2076
-2076 -2015
-2015 -1952
-1952 -1884
-1884 -1814
-1814 -1742
-1742 -1664
-1628 -1550
-1550 -1469
-1469 -1388
-1388 -1301
-1301 -1212
-1212 -1121
-1121 -1028
-1028 -932
-932 -837
-837 -737
-737 -638
-638 -537
-537 -437
-437 -333
-333 -231
-231 -126
-126 -23
-23 81
81 184
184 288
288 391
391 492
492 594
594 693
693 793
793 888
888 985
985 1080
1080 1171
1171 1260
1260 1348
1348 1431
1431 1515
1515 1596
1596 1671
1671 1744
1744 1812
1812 1882
1882 1944
1944 2002
2002 2058
2058 2113
2113 2160
2160 2202
2202 2244
2244 2280
2280 2311
2311 2337
2337 2362
2362 2382
2382 2394
2394 2407
2407 2413
2413 2413
2413 2407
2407 2401
2401 2388
2388 2376
2376 2356
2356 2331
2331 2299
2299 2268
2268 2226
2226 2184
2184 2137
2137 2091
2091 2035
2035 1975
1975 1918
1918 1851
1851 1782
1782 1711
1711 1639
1639 1561
1561 1479
1479 1396
1396 1309
1309 1222
1222 1131
1131 1039
1039 943
943 849
849 748
748 651
651 550
550 448
448 346
346 243
243 139
139 36
36 -68
-68 -171
-171 -275
-275 -377
-377 -479
-479 -581
-581 -681
-681 -780
-780 -876
-876 -974
-974 -1067
-1067 -1160
-1160 -1248
-1248 -1335
-1335 -1421
-1421 -1505
-1505 -1584
-1584 -1664
-1664 -1737
-1737 -1803
-1803 -1874
-1874 -1935
-1935 -2000
-2000 -2054
-2054 -2105
-2105 -2156
-2156 -2198
-2198 -2240
-2240 -2276
-2276 -2307
-2307 -2339
-2339 -2364
-2364 -2384
-2384 -2396
-2396 -2409
-2409 -2415
-2415 -2415
-2415 -2415
-2415 -2409
-2409 -2396
-2396 -2378
-2378 -2358
-2358 -2333
-2333 -2307
-2307 -2270
-2270 -2234
-2234 -2192
-2192 -2151
-2151 -2099
-2099 -2043
-2043 -1988
-1988 -1931
-1931 -1863
-1863 -1794
-1794 -1722
-1722 -1650
-1650 -1571
-1571 -1493
-1493 -1410
-1410 -1325
-1325 -1235
-1235 -1145
-1145 -1053
-1053 -960
-960 -864
-864 -765
-765 -666
-666 -567
-567 -465
-465 -363
-363 -260
-260 -156
-156 -53
-53 51
51 154
154 258
258 361
361 463
463 565
565 664
664 763
763 862
862 958
958 1051
1051 1143
1143 1233
1233 1323
1323 1408
1408 1491
1491 1569
1569 1648
1648 1720
1720 1792
1792 1861
1861 1929
1929 1986
1986 2041
2041 2097
2097 2149
2149 2190
2190 2232
2232 2268
2268 2305
2305 2331
2331 2356
2356 2376
2376 2394
2394 2407
2407 2413
2413 2413
2413 2413
2413 2407
2407 2394
2394 2382
2382 2362
2362 2337
2337 2305
2305 2274
2274 2238
2238 2196
2196 2154
2154 2103
2103 2052
2052 1998
1998 1933
1933 1872
1872 1801
1801 1735
1735 1662
1662 1582
1582 1503
1503 1419
1419 1333
1333 1246
1246 1158
1158 1065
1065 972
972 874
874 778
778 679
679 579
579 477
477 375
375 273
273 169
169 66
66 -38
-38 -141
-141 -245
-245 -348
-348 -450
-450 -552
-552 -653
-653 -750
-750 -851
-851 -945
-945 -1041
-1041 -1133
-1133 -1224
-1224 -1311
-1311 -1398
-1398 -1481
-1481 -1563
-1563 -1641
-1641 -1713
-1713 -1784
-1746 -1814
-1814 -1878
-1878 -1935
-1935 -1994
-1994 -2048
-2048 -2093
-2093 -2139
-2139 -2180
-2180 -2222
-2222 -2252
-2252 -2282
-2282 -2307
-2307 -2327
-2327 -2339
-2339 -2351
-2351 -2358
-2358 -2364
-2364 -2364
-2364 -2358
-2358 -2345
-2345 -2333
-2333 -2313
-2313 -2289
-2289 -2264
-2264 -2234
-2234 -2198
-2198 -2156
-2156 -2115
-2115 -2070
-2070 -2015
-2015 -1962
-1962 -1904
-1904 -1844
-1844 -1775
-1775 -1709
-1709 -1637
-1637 -1563
-1563 -1484
-1484 -1403
-1403 -1322
-1322 -1235
-1235 -1148
-1148 -1058
-1058 -966
-966 -872
-872 -777
-777 -680
-680 -582
-582 -483
-483 -384
-384 -284
-284 -182
-182 -81
-81 21
21 123
123 223
223 325
325 424
424 523
523 622
622 718
718 817
817 910
910 1003
1003 1095
1095 1183
1183 1270
1270 1356
1356 1435
1435 1515
1515 1591
1591 1666
1666 1735
1735 1801
1801 1866
1866 1929
1929 1986
1986 2035
2035 2086
2086 2131
2131 2172
2172 2214
2214 2244
2244 2274
2274 2299
2299 2317
2317 2337
2337 2349
2349 2356
2356 2362
2362 2362
2362 2356
2356 2349
2349 2331
2331 2317
2317 2293
2293 2268
2268 2238
2238 2202
2202 2160
2160 2119
2119 2074
2074 2025
2025 1971
1971 1912
1912 1846
1846 1782
1782 1716
1716 1644
1644 1569
1569 1494
1494 1411
1411 1330
1330 1246
1246 1158
1158 1068
1068 976
976 883
883 789
789 693
693 595
595 496
496 396
396 295
295 195
195 93
93 -8
-8 -110
-107 -207
-207 -305
-305 -404
-404 -501
-501 -597
-597 -692
-692 -786
-786 -878
-878 -971
-971 -1058
-1058 -1148
-1148 -1232
-1232 -1314
-1314 -1395
-1395 -1472
-1472 -1550
-1550 -1623
-1623 -1691
-1691 -1755
-1755 -1818
-1818 -1878
-1878 -1935
-1935 -1988
-1988 -2037
-2037 -2082
-2082 -2121
-2121 -2162
-2162 -2192
-2192 -2222
-2222 -2252
-2252 -2270
-2270 -2289
-2289 -2301
-2301 -2307
-2307 -2313
-2313 -2313
-2313 -2307
-2307 -2301
-2301 -2289
-2289 -2270
-2270 -2252
-2252 -2222
-2222 -2192
-2192 -2162
-2162 -2121
-2121 -2082
-2082 -2037
-2037 -1988
-1988 -1935
-1935 -1878
-1878 -1818
-1818 -1755
-1755 -1691
-1691 -1623
-1623 -1550
-1550 -1472
-1472 -1395
-1395 -1314
-1314 -1232
-1232 -1148
-1148 -1058
-1058 -971
-971 -878
-878 -786
-786 -692
-692 -597
-597 -501
-501 -404
-404 -305
-305 -207
-207 -107
-107 -8
-8 91
91 190
190 289
289 387
387 486
486 582
582 678
678 772
772 865
865 955
955 1045
1045 1134
1134 1219
1219 1302
1302 1381
1381 1462
1462 1536
1536 1608
1608 1680
1680 1744
1744 1807
1807 1872
1872 1929
1929 1981
1981 2029
2029 2074
2074 2113
2113 2154
2154 2190
2190 2220
2220 2244
2244 2268
2268 2280
2280 2299
2299 2305
2305 2311
2311 2311
2311 2305
2305 2299
2299 2287
2287 2268
2268 2250
2250 2226
2226 2196
2196 2166
2166 2125
2125 2086
2086 2041
2041 1992
1992 1944
1944 1887
1887 1827
1827 1764
1764 1698
1698 1630
1630 1557
1522 1450
1450 1374
1374 1299
1299 1216
1216 1134
1134 1048
1048 961
961 871
871 783
783 688
688 597
597 501
501 406
406 310
310 214
214 117
117 19
19 -77
-77 -174
-174 -272
-272 -368
-368 -462
-462 -558
-558 -651
-651 -744
-744 -834
-834 -924
-924 -1014
-1014 -1100
-1100 -1182
-1182 -1265
-1265 -1343
-1343 -1421
-1421 -1496
-1496 -1568
-1568 -1637
-1637 -1700
-1700 -1766
-1766 -1823
-1823 -1878
-1878 -1931
-1931 -1983
-1983 -2027
-2027 -2066
-2066 -2105
-2105 -2139
-2139 -2168
-2168 -2192
-2192 -2216
-2216 -2234
-2234 -2246
-2246 -2258
-2258 -2264
-2264 -2264
-2264 -2258
-2258 -2252
-2252 -2240
-2240 -2228
-2228 -2210
-2210 -2186
-2186 -2156
-2156 -2127
-2127 -2088
-2088 -2048
-2048 -2004
-2004 -1962
-1962 -1910
-1910 -1853
-1853 -1799
-1799 -1737
-1737 -1673
-1673 -1605
-1605 -1538
-1538 -1464
-1464 -1388
-1388 -1311
-1311 -1229
-1229 -1148
-1148 -1061
-1061 -977
-977 -885
-885 -797
-797 -704
-704 -611
-611 -518
-518 -422
-422 -326
-326 -230
-230 -132
-132 -36
-36 61
61 159
159 256
256 351
351 447
447 543
543 636
636 729
729 819
819 910
910 999
999 1086
1086 1168
1168 1249
1249 1330
1330 1408
1408 1482
1482 1557
1557 1626
1626 1689
1689 1753
1753 1812
1812 1872
1872 1923
1923 1971
1971 2019
2019 2058
2058 2097
2097 2131
2131 2160
2160 2190
2190 2214
2214 2232
2232 2244
2244 2256
2256 2262
2262 2262
2262 2262
2262 2256
2256 2244
2244 2226
2226 2208
2208 2184
2184 2160
2160 2125
2125 2091
2091 2052
2052 2013
2013 1965
1965 1912
1912 1861
1861 1807
1807 1744
1744 1680
1680 1612
1612 1545
1545 1470
1470 1396
1396 1320
1320 1240
1240 1155
1155 1071
1071 985
985 898
898 808
808 715
715 622
622 529
529 435
435 339
339 241
241 145
145 48
48 -50
-50 -147
-147 -243
-243 -341
-341 -437
-437 -531
-531 -624
-624 -717
-717 -810
-810 -900
-900 -987
-987 -1073
-1073 -1157
-1157 -1242
-1242 -1322
-1322 -1398
-1398 -1472
-1472 -1547
-1547 -1614
-1614 -1682
-1682 -1746
-1746 -1809
-1809 -1863
-1863 -1914
-1914 -1967
-1967 -2015
-2015 -2054
-2054 -2093
-2093 -2127
-2127 -2162
-2162 -2186
-2186 -2210
-2210 -2228
-2228 -2246
-2246 -2258
-2258 -2264
-2264 -2264
-2264 -2264
-2264 -2258
-2258 -2246
-2246 -2234
-2234 -2216
-2216 -2192
-2192 -2162
-2162 -2133
-2133 -2099
-2099 -2060
-2060 -2021
-2021 -1973
-1973 -1925
-1925 -1874
-1874 -1814
-1814 -1755
-1755 -1691
-1691 -1628
-1628 -1559
-1559 -1484
-1484 -1410
-1410 -1332
-1332 -1251
-1251 -1170
-1170 -1088
-1088 -1001
-1001 -912
-912 -821
-821 -731
-731 -638
-638 -545
-545 -449
-449 -353
-353 -258
-258 -161
-161 -63
-63 34
34 130
130 228
228 324
324 420
420 516
516 609
609 702
702 795
795 883
883 975
975 1059
1059 1146
1146 1227
1227 1309
1309 1386
1386 1462
1462 1536
1536 1603
1603 1671
1635 1698
1698 1758
1758 1812
1812 1866
1866 1918
1918 1960
1960 2002
2002 2041
2041 2080
2080 2109
2109 2137
2137 2160
2160 2178
2178 2190
2190 2202
2202 2208
2208 2214
2214 2214
2214 2208
2208 2196
2196 2184
2184 2166
2166 2143
2143 2119
2119 2091
2091 2058
2058 2019
2019 1981
1981 1938
1938 1887
1887 1836
1836 1782
1782 1725
1725 1662
1662 1599
1599 1531
1531 1462
1462 1389
1389 1312
1312 1236
1236 1155
1155 1074
1074 990
990 903
903 814
814 727
727 634
634 544
544 451
451 358
358 264
264 169
169 73
73 -21
-21 -116
-116 -212
-212 -306
-306 -401
-401 -492
-492 -585
-585 -675
-675 -767
-767 -855
-855 -942
-942 -1028
-1028 -1112
-1112 -1193
-1193 -1272
-1272 -1347
-1347 -1421
-1421 -1493
-1493 -1563
-1563 -1628
-1628 -1691
-1691 -1751
-1751 -1809
-1809 -1863
-1863 -1910
-1910 -1956
-1956 -2000
-2000 -2037
-2037 -2076
-2076 -2105
-2105 -2133
-2133 -2156
-2156 -2174
-2174 -2192
-2192 -2204
-2204 -2210
-2210 -2216
-2216 -2216
-2216 -2210
-2210 -2204
-2204 -2186
-2186 -2174
-2174 -2151
-2151 -2127
-2127 -2099
-2099 -2066
-2066 -2027
-2027 -1988
-1988 -1946
-1946 -1899
-1899 -1848
-1848 -1794
-1794 -1733
-1733 -1673
-1673 -1610
-1610 -1542
-1542 -1472
-1472 -1403
-1403 -1325
-1325 -1248
-1248 -1170
-1170 -1088
-1088 -1002
-1002 -917
-917 -830
-830 -741
-741 -651
-651 -560
-560 -467
-467 -372
-372 -279
-279 -185
-185 -89
-89 6
6 100
100 196
196 291
291 384
384 477
477 570
570 661
661 751
751 840
840 928
928 1012
1012 1098
1098 1177
1177 1257
1257 1333
1333 1408
1408 1482
1482 1552
1552 1617
1617 1680
1680 1740
1740 1797
1797 1851
1851 1902
1902 1950
1950 1992
1992 2029
2029 2068
2068 2097
2097 2125
2125 2154
2154 2172
2172 2190
2190 2202
2202 2208
2208 2214
2214 2214
2214 2208
2208 2202
2202 2190
2190 2172
2172 2154
2154 2125
2125 2097
2097 2068
2068 2029
2029 1992
1992 1950
1950 1902
1902 1851
1851 1797
1797 1740
1740 1680
1680 1617
1617 1552
1552 1482
1482 1408
1408 1333
1333 1257
1257 1177
1177 1098
1098 1012
1012 928
928 840
840 751
751 661
661 570
570 477
477 384
384 291
291 196
196 100
100 6
6 -89
-89 -185
-185 -279
-279 -372
-372 -467
-467 -560
-560 -651
-651 -741
-741 -830
-830 -917
-917 -1002
-1002 -1088
-1088 -1170
-1170 -1248
-1248 -1325
-1325 -1403
-1403 -1472
-1472 -1542
-1542 -1610
-1610 -1673
-1673 -1733
-1733 -1794
-1794 -1848
-1848 -1899
-1899 -1946
-1946 -1988
-1988 -2027
-2027 -2066
-2066 -2099
-2099 -2127
-2127 -2151
-2151 -2174
-2174 -2186
-2186 -2204
-2204 -2210
-2210 -2216
-2216 -2216
-2216 -2210
-2210 -2204
-2204 -2192
-2192 -2174
-2174 -2156
-2156 -2133
-2133 -2105
-2105 -2076
-2076 -2037
-2037 -2000
-2000 -1956
-1956 -1910
-1910 -1863
-1863 -1809
-1809 -1751
-1751 -1691
-1691 -1628
-1628 -1563
-1563 -1493
-1460 -1391
-1391 -1317
-1317 -1245
-1245 -1167
-1167 -1088
-1088 -1005
-1005 -923
-923 -837
-837 -750
-750 -662
-662 -573
-573 -482
-482 -392
-392 -300
-300 -207
-207 -114
-114 -21
-21 72
72 165
165 258
258 351
351 441
441 532
532 621
621 711
711 798
798 883
883 969
969 1051
1051 1131
1131 1210
1210 1284
1284 1359
1359 1431
1431 1498
1498 1566
1566 1626
1626 1689
1689 1744
1744 1797
1797 1846
1846 1897
1897 1938
1938 1975
1975 2013
2013 2046
2046 2074
2074 2097
2097 2119
2119 2137
2137 2149
2149 2160
2160 2166
2166 2166
2166 2160
2160 2154
2154 2143
2143 2131
2131 2113
2113 2091
2091 2064
2064 2035
2035 1998
1998 1960
1960 1918
1918 1876
1876 1827
1827 1773
1773 1720
1720 1662
1662 1599
1599 1536
1536 1470
1470 1401
1401 1326
1326 1254
1254 1174
1174 1098
1098 1014
1014 933
933 846
846 760
760 672
672 583
583 493
493 402
402 310
310 219
219 126
126 33
33 -60
-60 -153
-153 -246
-246 -338
-338 -431
-431 -521
-521 -611
-611 -699
-699 -786
-786 -873
-873 -957
-957 -1041
-1041 -1121
-1121 -1199
-1199 -1275
-1275 -1350
-1350 -1421
-1421 -1493
-1493 -1559
-1559 -1619
-1619 -1682
-1682 -1737
-1737 -1794
-1794 -1844
-1844 -1889
-1889 -1935
-1935 -1973
-1973 -2010
-2010 -2043
-2043 -2070
-2070 -2099
-2099 -2121
-2121 -2139
-2139 -2151
-2151 -2162
-2162 -2168
-2168 -2168
-2168 -2168
-2168 -2162
-2162 -2151
-2151 -2133
-2133 -2115
-2115 -2093
-2093 -2070
-2070 -2037
-2037 -2004
-2004 -1967
-1967 -1931
-1931 -1884
-1884 -1833
-1833 -1784
-1784 -1733
-1733 -1673
-1673 -1610
-1610 -1547
-1547 -1481
-1481 -1410
-1410 -1340
-1340 -1265
-1265 -1190
-1190 -1109
-1109 -1028
-1028 -945
-945 -861
-861 -776
-776 -687
-687 -599
-599 -509
-509 -417
-417 -326
-326 -233
-233 -141
-141 -47
-47 45
45 139
139 231
231 324
324 415
415 507
507 597
597 685
685 774
774 859
859 943
943 1026
1026 1107
1107 1188
1188 1263
1263 1338
1338 1408
1408 1479
1479 1545
1545 1608
1608 1671
1671 1731
1731 1782
1782 1831
1831 1882
1882 1929
1929 1965
1965 2002
2002 2035
2035 2068
2068 2091
2091 2113
2113 2131
2131 2149
2149 2160
2160 2166
2166 2166
2166 2166
2166 2160
2160 2149
2149 2137
2137 2119
2119 2097
2097 2068
2068 2041
2041 2008
2008 1971
1971 1933
1933 1887
1887 1842
1842 1792
1792 1735
1735 1680
1680 1617
1617 1557
1557 1491
1491 1419
1419 1348
1348 1273
1273 1197
1197 1119
1119 1039
1039 955
955 871
871 784
784 697
697 609
609 519
519 429
429 336
336 244
244 151
151 58
58 -35
-35 -128
-128 -221
-221 -312
-312 -404
-404 -495
-495 -585
-585 -674
-674 -762
-762 -848
-848 -935
-935 -1016
-1016 -1100
-1100 -1176
-1176 -1256
-1256 -1328
-1328 -1403
-1403 -1472
-1472 -1538
-1538 -1601
-1568 -1628
-1628 -1686
-1686 -1737
-1737 -1790
-1790 -1838
-1838 -1878
-1878 -1920
-1920 -1956
-1956 -1994
-1994 -2021
-2021 -2048
-2048 -2070
-2070 -2088
-2088 -2099
-2099 -2111
-2111 -2115
-2115 -2121
-2121 -2121
-2121 -2115
-2115 -2105
-2105 -2093
-2093 -2076
-2076 -2054
-2054 -2031
-2031 -2004
-2004 -1973
-1973 -1935
-1935 -1899
-1899 -1859
-1859 -1809
-1809 -1760
-1760 -1709
-1709 -1655
-1655 -1593
-1593 -1533
-1533 -1469
-1469 -1403
-1403 -1332
-1332 -1259
-1259 -1185
-1185 -1109
-1109 -1031
-1031 -950
-950 -867
-867 -782
-782 -698
-698 -609
-609 -522
-522 -434
-434 -345
-345 -254
-254 -164
-164 -72
-72 19
19 109
109 201
201 291
291 381
381 469
469 559
559 645
645 733
733 817
817 900
900 982
982 1062
1062 1140
1140 1216
1216 1287
1287 1359
1359 1428
1428 1494
1494 1557
1557 1617
1617 1675
1675 1731
1731 1782
1782 1827
1827 1872
1872 1912
1912 1950
1950 1986
1986 2013
2013 2041
2041 2064
2064 2080
2080 2097
2097 2109
2109 2113
2113 2119
2119 2119
2119 2113
2113 2109
2109 2091
2091 2080
2080 2058
2058 2035
2035 2008
2008 1975
1975 1938
1938 1902
1902 1861
1861 1816
1816 1768
1768 1716
1716 1657
1657 1599
1599 1540
1540 1474
1474 1408
1408 1341
1341 1267
1267 1194
1194 1119
1119 1039
1039 958
958 876
876 793
793 708
708 621
621 534
534 445
445 355
355 265
265 175
175 84
84 -8
-8 -99
-96 -185
-185 -275
-275 -362
-362 -449
-449 -536
-536 -621
-621 -705
-705 -788
-788 -872
-872 -950
-950 -1031
-1031 -1106
-1106 -1179
-1179 -1251
-1251 -1322
-1322 -1391
-1391 -1457
-1457 -1517
-1517 -1575
-1575 -1632
-1632 -1686
-1686 -1737
-1737 -1784
-1784 -1829
-1829 -1868
-1868 -1904
-1904 -1940
-1940 -1967
-1967 -1994
-1994 -2021
-2021 -2037
-2037 -2054
-2054 -2066
-2066 -2070
-2070 -2076
-2076 -2076
-2076 -2070
-2070 -2066
-2066 -2054
-2054 -2037
-2037 -2021
-2021 -1994
-1994 -1967
-1967 -1940
-1940 -1904
-1904 -1868
-1868 -1829
-1829 -1784
-1784 -1737
-1737 -1686
-1686 -1632
-1632 -1575
-1575 -1517
-1517 -1457
-1457 -1391
-1391 -1322
-1322 -1251
-1251 -1179
-1179 -1106
-1106 -1031
-1031 -950
-950 -872
-872 -788
-788 -705
-705 -621
-621 -536
-536 -449
-449 -362
-362 -275
-275 -185
-185 -96
-96 -8
-8 82
82 171
171 259
259 348
348 435
435 522
522 607
607 693
693 775
775 858
858 937
937 1017
1017 1095
1095 1168
1168 1240
1240 1312
1312 1378
1378 1443
1443 1507
1507 1566
1566 1621
1621 1680
1680 1731
1731 1777
1777 1821
1821 1861
1861 1897
1897 1933
1933 1965
1965 1992
1992 2013
2013 2035
2035 2046
2046 2064
2064 2068
2068 2074
2074 2074
2074 2068
2068 2064
2064 2052
2052 2035
2035 2019
2019 1998
1998 1971
1971 1944
1944 1908
1908 1872
1872 1831
1831 1788
1788 1744
1744 1693
1693 1639
1639 1582
1582 1522
1522 1462
1462 1396
1366 1302
1302 1233
1233 1165
1165 1092
1092 1017
1017 940
940 862
862 783
783 702
702 618
618 535
535 450
450 364
364 279
279 192
192 105
105 18
18 -69
-69 -156
-156 -243
-243 -330
-330 -416
-416 -501
-501 -584
-584 -668
-668 -749
-749 -830
-830 -909
-909 -987
-987 -1061
-1061 -1136
-1136 -1205
-1205 -1275
-1275 -1343
-1343 -1406
-1406 -1469
-1469 -1524
-1524 -1584
-1584 -1637
-1637 -1686
-1686 -1733
-1733 -1779
-1779 -1818
-1818 -1853
-1853 -1889
-1889 -1920
-1920 -1946
-1946 -1967
-1967 -1988
-1988 -2004
-2004 -2015
-2015 -2027
-2027 -2031
-2031 -2031
-2031 -2027
-2027 -2021
-2021 -2010
-2010 -2000
-2000 -1983
-1983 -1962
-1962 -1935
-1935 -1910
-1910 -1874
-1874 -1838
-1838 -1799
-1799 -1760
-1760 -1713
-1713 -1664
-1664 -1614
-1614 -1559
-1559 -1500
-1500 -1440
-1440 -1380
-1380 -1314
-1314 -1245
-1245 -1176
-1176 -1103
-1103 -1031
-1031 -953
-953 -876
-876 -795
-795 -716
-716 -632
-632 -549
-549 -464
-464 -378
-378 -293
-293 -207
-207 -119
-119 -32
-32 55
55 142
142 229
229 315
315 402
402 487
487 571
571 654
654 735
735 817
817 895
895 975
975 1048
1048 1122
1122 1194
1194 1263
1263 1330
1330 1396
1396 1458
1458 1515
1515 1573
1573 1626
1626 1680
1680 1725
1725 1768
1768 1812
1812 1846
1846 1882
1882 1912
1912 1938
1938 1965
1965 1986
1986 2002
2002 2013
2013 2025
2025 2029
2029 2029
2029 2029
2029 2025
2025 2013
2013 1998
1998 1981
1981 1960
1960 1938
1938 1908
1908 1876
1876 1842
1842 1807
1807 1764
1764 1716
1716 1671
1671 1621
1621 1566
1566 1507
1507 1447
1447 1386
1386 1320
1320 1254
1254 1183
1183 1113
1113 1036
1036 961
961 883
883 805
805 724
724 642
642 559
559 475
475 390
390 303
303 217
217 130
130 43
43 -45
-45 -132
-132 -219
-219 -305
-305 -392
-392 -477
-477 -561
-561 -644
-644 -726
-726 -807
-807 -885
-885 -963
-963 -1038
-1038 -1115
-1115 -1185
-1185 -1256
-1256 -1322
-1322 -1388
-1388 -1449
-1449 -1509
-1509 -1568
-1568 -1623
-1623 -1673
-1673 -1718
-1718 -1766
-1766 -1809
-1809 -1844
-1844 -1878
-1878 -1910
-1910 -1940
-1940 -1962
-1962 -1983
-1983 -2000
-2000 -2015
-2015 -2027
-2027 -2031
-2031 -2031
-2031 -2031
-2031 -2027
-2027 -2015
-2015 -2004
-2004 -1988
-1988 -1967
-1967 -1940
-1940 -1914
-1914 -1884
-1884 -1848
-1848 -1814
-1814 -1770
-1770 -1727
-1727 -1682
-1682 -1628
-1628 -1575
-1575 -1517
-1517 -1460
-1460 -1398
-1398 -1332
-1332 -1265
-1265 -1196
-1196 -1124
-1124 -1050
-1050 -977
-977 -897
-897 -819
-819 -737
-737 -656
-656 -573
-573 -489
-489 -404
-404 -317
-317 -231
-231 -144
-144 -57
-57 30
30 117
117 205
205 291
291 376
376 462
462 547
547 630
630 714
714 793
793 874
874 951
951 1029
1029 1101
1101 1174
1174 1243
1243 1312
1312 1378
1378 1438
1438 1498
1467 1522
1522 1578
1578 1626
1626 1675
1675 1720
1720 1758
1758 1797
1797 1831
1831 1866
1866 1891
1891 1918
1918 1938
1938 1954
1954 1965
1965 1975
1975 1981
1981 1986
1986 1986
1986 1981
1981 1971
1971 1960
1960 1944
1944 1923
1923 1902
1902 1876
1876 1846
1846 1812
1812 1777
1777 1740
1740 1693
1693 1648
1648 1599
1599 1548
1548 1491
1491 1435
1435 1374
1374 1312
1312 1246
1246 1177
1177 1110
1110 1036
1036 964
964 888
888 810
810 730
730 652
652 570
570 487
487 405
405 321
321 237
237 151
151 66
66 -20
-20 -105
-105 -189
-189 -275
-275 -359
-359 -443
-443 -525
-525 -606
-606 -689
-689 -767
-767 -846
-846 -923
-923 -998
-998 -1070
-1070 -1142
-1142 -1208
-1208 -1275
-1275 -1340
-1340 -1403
-1403 -1460
-1460 -1517
-1517 -1571
-1571 -1623
-1623 -1673
-1673 -1713
-1713 -1755
-1755 -1794
-1794 -1829
-1829 -1863
-1863 -1889
-1889 -1914
-1914 -1935
-1935 -1952
-1952 -1967
-1967 -1977
-1977 -1983
-1983 -1988
-1988 -1988
-1988 -1983
-1983 -1977
-1977 -1962
-1962 -1952
-1952 -1931
-1931 -1910
-1910 -1884
-1884 -1853
-1853 -1818
-1818 -1784
-1784 -1746
-1746 -1704
-1704 -1659
-1659 -1610
-1610 -1554
-1554 -1500
-1500 -1445
-1445 -1383
-1383 -1322
-1322 -1259
-1259 -1190
-1190 -1121
-1121 -1050
-1050 -977
-977 -900
-900 -824
-824 -744
-744 -665
-665 -584
-584 -501
-501 -419
-419 -335
-335 -251
-251 -165
-165 -80
-80 6
6 90
90 175
175 261
261 345
345 429
429 511
511 594
594 673
673 753
753 832
832 907
907 985
985 1056
1056 1128
1128 1197
1197 1263
1263 1330
1330 1393
1393 1450
1450 1507
1507 1561
1561 1612
1612 1662
1662 1707
1707 1749
1749 1788
1788 1821
1821 1857
1857 1882
1882 1908
1908 1933
1933 1950
1950 1965
1965 1975
1975 1981
1981 1986
1986 1986
1986 1981
1981 1975
1975 1965
1965 1950
1950 1933
1933 1908
1908 1882
1882 1857
1857 1821
1821 1788
1788 1749
1749 1707
1707 1662
1662 1612
1612 1561
1561 1507
1507 1450
1450 1393
1393 1330
1330 1263
1263 1197
1197 1128
1128 1056
1056 985
985 907
907 832
832 753
753 673
673 594
594 511
511 429
429 345
345 261
261 175
175 90
90 6
6 -80
-80 -165
-165 -251
-251 -335
-335 -419
-419 -501
-501 -584
-584 -665
-665 -744
-744 -824
-824 -900
-900 -977
-977 -1050
-1050 -1121
-1121 -1190
-1190 -1259
-1259 -1322
-1322 -1383
-1383 -1445
-1445 -1500
-1500 -1554
-1554 -1610
-1610 -1659
-1659 -1704
-1704 -1746
-1746 -1784
-1784 -1818
-1818 -1853
-1853 -1884
-1884 -1910
-1910 -1931
-1931 -1952
-1952 -1962
-1962 -1977
-1977 -1983
-1983 -1988
-1988 -1988
-1988 -1983
-1983 -1977
-1977 -1967
-1967 -1952
-1952 -1935
-1935 -1914
-1914 -1889
-1889 -1863
-1863 -1829
-1829 -1794
-1794 -1755
-1755 -1713
-1713 -1673
-1673 -1623
-1623 -1571
-1571 -1517
-1517 -1460
-1460 -1403
-1403 -1340
-1311 -1248
-1248 -1182
-1182 -1118
-1118 -1047
-1047 -977
-977 -902
-902 -828
-828 -750
-750 -674
-674 -593
-593 -515
-515 -432
-432 -351
-351 -269
-269 -186
-186 -102
-102 -18
-18 64
64 148
148 231
231 315
315 396
396 477
477 558
558 639
639 715
715 793
793 870
870 943
943 1014
1014 1086
1086 1152
1152 1219
1219 1284
1284 1345
1345 1404
1404 1458
1458 1515
1515 1566
1566 1612
1612 1657
1657 1702
1702 1740
1740 1773
1773 1807
1807 1836
1836 1861
1861 1882
1882 1902
1902 1918
1918 1929
1929 1938
1938 1944
1944 1944
1944 1938
1938 1933
1933 1923
1923 1912
1912 1897
1897 1876
1876 1851
1851 1827
1827 1792
1792 1758
1758 1720
1720 1684
1684 1639
1639 1591
1591 1545
1545 1491
1491 1435
1435 1378
1378 1320
1320 1257
1257 1191
1191 1125
1125 1054
1054 985
985 910
910 837
837 759
759 682
682 603
603 523
523 442
442 361
361 279
279 196
196 112
112 28
28 -54
-54 -138
-138 -222
-222 -303
-303 -386
-386 -468
-468 -549
-549 -629
-629 -705
-705 -785
-785 -860
-860 -935
-935 -1005
-1005 -1076
-1076 -1145
-1145 -1212
-1212 -1275
-1275 -1340
-1340 -1398
-1398 -1452
-1452 -1509
-1509 -1559
-1559 -1610
-1610 -1655
-1655 -1695
-1695 -1737
-1737 -1770
-1770 -1803
-1803 -1833
-1833 -1859
-1859 -1884
-1884 -1904
-1904 -1920
-1920 -1931
-1931 -1940
-1940 -1946
-1946 -1946
-1946 -1946
-1946 -1940
-1940 -1931
-1931 -1914
-1914 -1899
-1899 -1878
-1878 -1859
-1859 -1829
-1829 -1799
-1799 -1766
-1766 -1733
-1733 -1691
-1691 -1646
-1646 -1601
-1601 -1554
-1554 -1500
-1500 -1445
-1445 -1388
-1388 -1328
-1328 -1265
-1265 -1202
-1202 -1136
-1136 -1067
-1067 -995
-995 -923
-923 -848
-848 -774
-774 -696
-696 -617
-617 -537
-537 -456
-456 -375
-375 -293
-293 -209
-209 -126
-126 -42
-42 40
40 124
124 207
207 291
291 373
373 454
454 535
535 615
615 694
694 772
772 846
846 921
921 993
993 1065
1065 1134
1134 1200
1200 1263
1263 1326
1326 1386
1386 1443
1443 1498
1498 1552
1552 1599
1599 1644
1644 1689
1689 1731
1731 1764
1764 1797
1797 1827
1827 1857
1857 1876
1876 1897
1897 1912
1912 1929
1929 1938
1938 1944
1944 1944
1944 1944
1944 1938
1938 1929
1929 1918
1918 1902
1902 1882
1882 1857
1857 1831
1831 1801
1801 1768
1768 1735
1735 1693
1693 1653
1653 1608
1608 1557
1557 1507
1507 1450
1450 1396
1396 1338
1338 1273
1273 1210
1210 1143
1143 1074
1074 1003
1003 933
933 858
858 783
783 703
703 627
627 547
547 466
466 384
384 301
301 220
220 136
136 52
52 -30
-30 -114
-114 -198
-198 -281
-281 -363
-363 -444
-444 -525
-525 -605
-605 -684
-684 -761
-761 -839
-839 -912
-912 -987
-987 -1056
-1056 -1127
-1127 -1193
-1193 -1259
-1259 -1322
-1322 -1380
-1380 -1437
-1406 -1460
-1460 -1512
-1512 -1559
-1559 -1605
-1605 -1650
-1650 -1686
-1686 -1722
-1722 -1755
-1755 -1790
-1790 -1814
-1814 -1838
-1838 -1859
-1859 -1874
-1874 -1884
-1884 -1893
-1893 -1899
-1899 -1904
-1904 -1904
-1904 -1899
-1899 -1889
-1889 -1878
-1878 -1863
-1863 -1844
-1844 -1823
-1823 -1799
-1799 -1770
-1770 -1737
-1737 -1704
-1704 -1668
-1668 -1623
-1623 -1580
-1580 -1533
-1533 -1484
-1484 -1430
-1430 -1376
-1376 -1317
-1317 -1259
-1259 -1196
-1196 -1130
-1130 -1064
-1064 -995
-995 -924
-924 -852
-852 -777
-777 -702
-702 -626
-626 -548
-548 -470
-470 -389
-389 -309
-309 -228
-228 -147
-147 -65
-65 16
16 99
99 180
180 261
261 342
342 421
421 501
501 579
579 657
657 733
733 808
808 882
882 954
954 1023
1023 1092
1092 1155
1155 1219
1219 1281
1281 1341
1341 1396
1396 1450
1450 1503
1503 1552
1552 1599
1599 1639
1639 1680
1680 1716
1716 1749
1749 1782
1782 1807
1807 1831
1831 1851
1851 1866
1866 1882
1882 1891
1891 1897
1897 1902
1902 1902
1902 1897
1897 1891
1891 1876
1876 1866
1866 1846
1846 1827
1827 1801
1801 1773
1773 1740
1740 1707
1707 1671
1671 1630
1630 1587
1587 1540
1540 1486
1486 1435
1435 1381
1381 1323
1323 1263
1263 1203
1203 1137
1137 1071
1071 1003
1003 933
933 859
859 786
786 711
711 634
634 558
558 478
478 399
399 319
319 238
238 157
157 75
75 -6
-6 -89
-87 -167
-167 -246
-246 -324
-324 -404
-404 -480
-480 -558
-558 -633
-633 -707
-707 -782
-782 -852
-852 -924
-924 -992
-992 -1058
-1058 -1124
-1124 -1185
-1185 -1248
-1248 -1307
-1307 -1361
-1361 -1413
-1413 -1464
-1464 -1512
-1512 -1559
-1559 -1601
-1601 -1641
-1641 -1677
-1677 -1709
-1709 -1742
-1742 -1766
-1766 -1790
-1790 -1814
-1814 -1829
-1829 -1844
-1844 -1853
-1853 -1859
-1859 -1863
-1863 -1863
-1863 -1859
-1859 -1853
-1853 -1844
-1844 -1829
-1829 -1814
-1814 -1790
-1790 -1766
-1766 -1742
-1742 -1709
-1709 -1677
-1677 -1641
-1641 -1601
-1601 -1559
-1559 -1512
-1512 -1464
-1464 -1413
-1413 -1361
-1361 -1307
-1307 -1248
-1248 -1185
-1185 -1124
-1124 -1058
-1058 -992
-992 -924
-924 -852
-852 -782
-782 -707
-707 -633
-633 -558
-558 -480
-480 -404
-404 -324
-324 -246
-246 -167
-167 -87
-87 -6
-6 73
73 153
153 232
232 312
312 391
391 468
468 546
546 621
621 696
696 769
769 841
841 913
913 982
982 1048
1048 1113
1113 1177
1177 1236
1236 1294
1294 1351
1351 1404
1404 1455
1455 1507
1507 1552
1552 1596
1596 1635
1635 1671
1671 1702
1702 1735
1735 1764
1764 1788
1788 1807
1807 1827
1827 1836
1836 1851
1851 1857
1857 1861
1861 1861
1861 1857
1857 1851
1851 1842
1842 1827
1827 1812
1812 1792
1792 1768
1768 1744
1744 1711
1711 1680
1680 1644
1644 1603
1603 1566
1566 1519
1519 1470
1470 1419
1419 1366
1366 1312
1312 1254
1227 1168
1168 1107
1107 1045
1045 979
979 913
913 844
844 774
774 702
702 630
630 555
555 480
480 403
403 327
327 250
250 172
172 94
94 16
16 -62
-62 -141
-141 -219
-219 -296
-296 -372
-372 -449
-449 -524
-524 -600
-600 -672
-672 -744
-744 -816
-816 -885
-885 -953
-953 -1019
-1019 -1082
-1082 -1145
-1145 -1205
-1205 -1262
-1262 -1317
-1317 -1368
-1368 -1421
-1421 -1469
-1469 -1512
-1512 -1554
-1554 -1598
-1598 -1632
-1632 -1664
-1664 -1695
-1695 -1722
-1722 -1746
-1746 -1766
-1766 -1784
-1784 -1799
-1799 -1809
-1809 -1818
-1818 -1823
-1823 -1823
-1823 -1818
-1818 -1814
-1814 -1803
-1803 -1794
-1794 -1779
-1779 -1760
-1760 -1737
-1737 -1713
-1713 -1682
-1682 -1650
-1650 -1614
-1614 -1580
-1580 -1538
-1538 -1493
-1493 -1449
-1449 -1398
-1398 -1347
-1347 -1293
-1293 -1238
-1238 -1179
-1179 -1118
-1118 -1056
-1056 -989
-989 -924
-924 -855
-855 -786
-786 -713
-713 -642
-642 -567
-567 -492
-492 -417
-417 -341
-341 -263
-263 -185
-185 -107
-107 -29
-29 49
49 127
127 205
205 283
283 360
360 436
436 513
513 586
586 660
660 733
733 804
804 874
874 940
940 1006
1006 1071
1071 1134
1134 1194
1194 1254
1254 1309
1309 1359
1359 1411
1411 1458
1458 1507
1507 1548
1548 1587
1587 1626
1626 1657
1657 1689
1689 1716
1716 1740
1740 1764
1764 1782
1782 1797
1797 1807
1807 1816
1816 1821
1821 1821
1821 1821
1821 1816
1816 1807
1807 1792
1792 1777
1777 1758
1758 1740
1740 1711
1711 1684
1684 1653
1653 1621
1621 1582
1582 1540
1540 1498
1498 1455
1455 1404
1404 1351
1351 1299
1299 1243
1243 1183
1183 1125
1125 1062
1062 999
999 930
930 862
862 793
793 723
723 651
651 576
576 501
501 426
426 349
349 273
273 195
195 117
117 39
39 -41
