0 0
0 0
0 0
0 0
0 0
0 1
1 8
5 130
21 277
113 -161
58 132
74 -304
-416 69
421 -437
351 586
31 604
314 -486
-454 91
91 291
291 -318
-318 507
507 101
101 284
284 9
9 572
572 -600
-600 522
522 192
192 -486
-486 -600
-600 -486
-486 -299
-299 -77
-77 153
153 369
369 489
489 566
566 558
558 522
522 116
116 -469
-469 105
105 -370
-370 512
512 604
604 -605
-605 57
57 -295
-295 -21
-21 -538
-538 605
605 381
381 -511
-511 -528
-528 307
307 537
537 317
317 9
9 520
520 -474
-474 -47
-47 -278
-278 -582
-582 -314
-314 520
520 502
502 -490
-490 -593
-593 468
468 -146
-146 307
307 83
83 602
602 -600
-600 -469
-469 234
234 -334
-334 482
482 -186
-186 -552
-552 -567
-567 -574
-574 -490
-490 -370
-370 -172
-172 50
50 274
274 465
465 596
596 502
502 -58
-58 -561
-561 575
575 -552
-552 -62
-62 -598
-598 -605
-605 -595
-595 516
516 -444
-444 -606
-606 -135
-135 -559
-559 -592
-592 -597
-597 50
50 -393
-393 131
131 -608
-608 463
463 470
470 -471
-471 -164
-164 185
185 540
540 -454
-454 271
271 493
493 -231
-231 546
546 -361
-361 160
160 510
510 564
564 -214
-214 607
607 527
527 594
594 604
604 -486
-486 493
493 291
291 -318
-318 507
507 101
101 284
284 9
9 572
572 -600
-600 522
522 192
192 -486
-486 -600
-600 -486
-486 -299
-299 -77
-77 171
171 369
369 489
489 566
566 558
558 522
522 116
116 -469
-469 105
105 -370
-370 512
512 604
604 -605
-605 57
57 -295
-295 -21
-21 -603
-603 605
605 381
381 -511
-511 -528
-528 307
307 537
537 317
317 9
9 520
520 -474
-474 -47
-47 -278
-278 -582
-582 -314
-314 520
520 448
448 -490
-490 -593
-593 468
468 -146
-146 307
307 83
83 602
602 -600
-600 -469
-469 234
234 -334
-334 482
482 -186
-186 -552
-552 -567
-567 -567
-567 -490
-490 -370
-370 -172
-172 50
50 274
274 465
465 596
596 502
502 -58
-58 -561
-561 575
575 -552
-552 -62
-62 -598
-598 -605
-605 -544
-544 516
516 -444
-444 -606
-606 -135
-135 -559
-559 -592
-592 -597
-597 50
50 -393
-393 131
131 -608
-608 463
463 470
470 -471
-471 -164
-164 -203
-203 540
540 -454
-454 271
271 493
493 -231
-231 546
546 -361
-361 160
160 510
510 564
564 -214
-214 607
607 527
527 594
594 604
604 -157
-157 493
493 291
291 -318
-318 507
507 101
101 284
284 9
9 572
572 -600
-600 522
522 192
192 -486
-486 -600
-600 -486
-486 -299
-299 -51
-51 171
-338 -230
-230 -93
-93 -61
-61 -263
-263 -483
-483 -442
-442 361
361 -182
-182 135
135 567
567 316
316 526
526 493
493 -46
-46 -267
-267 -263
-263 591
591 307
307 -406
-406 -257
-257 458
458 291
291 592
592 -125
-125 586
586 -567
-567 99
99 -593
-593 -449
-449 -456
-456 332
332 332
332 -406
-406 -581
-581 563
563 588
588 96
96 -538
-538 -585
-585 -379
-379 -571
-571 -46
-46 81
81 -454
-454 517
517 434
434 177
177 60
60 92
92 229
229 337
337 533
533 594
594 506
506 117
117 -486
-486 -382
-382 594
594 -404
-404 -226
-226 -412
-412 392
392 -61
-61 -590
-590 285
285 60
60 355
355 491
491 -534
-534 -593
-593 -240
-240 -410
-410 149
149 313
313 -553
-553 572
572 386
386 -338
-338 195
195 -521
-521 431
431 -437
-437 303
303 588
588 -342
-342 413
413 -299
-299 594
594 5
5 -68
-68 -282
-282 -507
-507 -100
-100 586
586 558
558 -590
-590 -558
-558 -71
-71 -286
-286 472
472 303
303 310
310 529
529 201
201 548
548 -587
-587 146
146 529
529 -90
-90 -494
-494 -595
-595 -534
-534 -338
-338 -230
-230 -93
-93 -61
-61 -263
-263 -483
-483 -442
-442 361
361 -182
-182 135
135 567
567 316
316 526
526 493
493 114
114 -267
-267 -263
-263 591
591 307
307 -406
-406 -257
-257 458
458 291
291 592
592 -125
-125 586
586 -567
-567 99
99 -593
-593 -449
-449 -399
-399 332
332 332
332 -406
-406 -581
-581 563
563 588
588 96
96 -538
-538 -585
-585 -379
-379 -571
-571 -46
-46 81
81 -454
-454 517
517 384
384 177
177 60
60 92
92 229
229 337
337 533
533 594
594 506
506 117
117 -486
-486 -382
-382 594
594 -404
-404 -226
-226 -412
-412 41
41 -61
-61 -590
-590 285
285 60
60 355
355 491
491 -534
-534 -593
-593 -240
-240 -410
-410 149
149 313
313 -553
-553 572
572 386
386 -387
-387 195
195 -521
-521 431
431 -437
-437 303
303 588
588 -342
-342 413
413 -299
-299 594
594 5
5 -68
-68 -282
-282 -507
-507 -100
-100 589
589 558
558 -590
-590 -558
-558 -71
-71 -286
-286 472
472 303
303 310
310 529
529 201
201 548
548 -587
-587 146
146 529
529 -90
-90 -507
-507 -595
-595 -534
-534 -338
-338 -230
-230 -93
-93 -61
-61 -263
-263 -483
-483 -442
-442 361
361 -182
-182 135
135 567
567 316
316 526
526 294
294 114
114 -267
-267 -263
-263 591
591 307
307 -406
-406 -257
-257 458
458 291
291 592
592 -125
-125 586
586 -567
-567 99
99 -593
-593 -517
-517 -399
-469 41
41 194
194 -334
-334 -562
-562 194
194 -310
-310 -463
-463 -27
-27 566
566 557
557 -511
-511 -582
-582 177
177 414
414 -579
-579 8
8 370
370 560
560 557
557 546
546 478
478 253
253 8
8 -425
-425 -547
-547 104
104 561
561 -458
-458 -379
-379 -387
-387 501
501 533
533 -562
-562 422
422 -326
-326 -232
-232 339
339 506
506 -449
-449 -473
-473 486
486 580
580 180
180 -570
-570 -244
-244 347
347 269
269 -221
-221 315
315 -549
-549 253
253 -403
-403 333
333 266
266 -354
-354 247
247 -232
-232 563
563 -496
-496 -547
-547 136
136 125
125 -571
-571 448
448 481
481 -507
-507 -34
-34 307
307 537
537 -423
-423 551
551 -582
-582 -576
-576 414
414 307
307 506
506 -419
-419 -181
-181 546
546 424
424 -9
-9 -254
-254 -479
-479 -547
-547 -558
-558 -535
-535 -289
-289 191
191 578
578 -310
-310 -88
-88 581
581 481
481 -495
-495 -198
-198 -84
-84 581
581 567
567 69
69 564
564 247
247 -221
-221 16
16 491
491 136
136 240
240 -195
-195 573
573 -582
-582 177
177 -581
-581 -295
-295 -469
-469 41
41 194
194 -334
-334 -562
-562 194
194 -310
-310 -463
-463 -27
-27 566
566 557
557 -511
-511 -582
-582 177
177 309
309 -579
-579 8
8 370
370 560
560 557
557 546
546 478
478 253
253 8
8 -425
-425 -547
-547 104
104 561
561 -458
-458 -379
-379 -415
-415 501
501 533
533 -562
-562 422
422 -326
-326 -232
-232 339
339 506
506 -449
-449 -473
-473 486
486 580
580 180
180 -570
-570 -244
-244 -225
-225 269
269 -221
-221 315
315 -549
-549 253
253 -403
-403 333
333 266
266 -354
-354 247
247 -232
-232 563
563 -496
-496 -547
-547 136
136 -413
-413 -571
-571 448
448 481
481 -507
-507 -34
-34 307
307 537
537 -423
-423 551
551 -582
-582 -576
-576 414
414 307
307 506
506 -419
-419 -105
-105 546
546 424
424 -9
-9 -254
-254 -479
-479 -547
-547 -558
-558 -535
-535 -289
-289 191
191 578
578 -310
-310 -88
-88 581
581 481
481 -49
-49 -198
-198 -84
-84 581
581 567
567 69
69 564
564 247
247 -221
-221 16
16 491
491 136
136 240
240 -195
-195 573
573 -582
-582 -164
-164 -581
-581 -295
-295 -469
-469 41
41 194
194 -334
-334 -562
-562 194
194 -310
-310 -463
-463 -27
-27 566
566 557
557 -511
-511 -582
-582 402
402 309
309 -579
-579 8
8 370
370 560
560 557
557 546
546 478
478 253
253 8
8 -425
-425 -547
-547 104
104 561
561 -458
-458 -308
-308 -415
47 -544
-544 -444
-444 -448
-448 -188
-188 -423
-423 -559
-559 -475
-475 393
393 -286
-286 -120
-120 -20
-20 -280
-280 -239
-239 555
555 529
529 -397
-397 206
206 -113
-113 290
290 -239
-239 163
163 -291
-291 318
318 -181
-181 -291
-291 112
112 -167
-167 520
520 -490
-490 -37
-37 481
481 522
522 323
323 33
33 308
308 -313
-313 566
566 520
520 300
300 187
187 447
447 506
506 357
357 -289
-289 465
465 399
399 474
474 -280
-280 -511
-511 29
29 476
476 567
567 481
481 449
449 474
474 536
536 499
499 180
180 -527
-527 -23
-23 558
558 561
561 -502
-502 78
78 557
557 150
150 -96
-96 193
193 254
254 520
520 241
241 -55
-55 193
193 464
464 -291
-291 -286
-286 -191
-191 533
533 -484
-484 -37
-37 -277
-277 47
47 -459
-459 -144
-144 8
8 -295
-295 -525
-525 -68
-68 -482
-482 -341
-341 -27
-27 -504
-504 -534
-534 501
501 -570
-570 -508
-508 263
263 526
526 -181
-181 -546
-546 -471
-471 -379
-379 -450
-450 -482
-482 -568
-568 -477
-477 -30
-30 510
510 279
279 -475
-475 -400
-400 -466
-466 47
47 -544
-544 -444
-444 -448
-448 -188
-188 -423
-423 -559
-559 -475
-475 393
393 -286
-286 -120
-120 -20
-20 -280
-280 -239
-239 441
441 529
529 -397
-397 206
206 -113
-113 290
290 -239
-239 163
163 -291
-291 318
318 -181
-181 -291
-291 112
112 -167
-167 520
520 -490
-490 -480
-480 481
481 522
522 323
323 33
33 308
308 -313
-313 566
566 520
520 300
300 187
187 447
447 506
506 357
357 -289
-289 465
465 415
415 474
474 -280
-280 -511
-511 29
29 476
476 567
567 481
481 449
449 474
474 536
536 499
499 180
180 -527
-527 -23
-23 558
558 536
536 -502
-502 78
78 557
557 150
150 -96
-96 193
193 254
254 520
520 241
241 -55
-55 193
193 464
464 -291
-291 -286
-286 -191
-191 187
187 -484
-484 -37
-37 -277
-277 47
47 -459
-459 -144
-144 8
8 -295
-295 -525
-525 -68
-68 -482
-482 -341
-341 -27
-27 -504
-504 -534
-534 399
399 -570
-570 -508
-508 263
263 526
526 -181
-181 -546
-546 -471
-471 -379
-379 -450
-450 -482
-482 -568
-568 -477
-477 -30
-30 510
510 279
279 -552
-552 -400
-400 -466
-466 47
47 -544
-544 -444
-444 -448
-448 -188
-188 -423
-423 -559
-559 -475
-475 393
393 -286
-286 -120
-120 -20
-20 -280
-280 -502
-502 441
441 529
529 -397
-397 206
206 -113
-113 290
290 -239
-239 163
163 -291
-291 318
318 -181
-181 -291
-291 112
112 -167
-167 520
520 -503
-503 -480
-480 481
481 522
522 323
323 33
33 308
308 -313
-313 566
566 520
520 300
300 187
187 447
447 506
506 357
357 -289
-289 393
393 415
415 474
474 -280
-280 -511
-511 29
29 476
476 567
567 481
481 449
449 474
474 536
536 499
499 180
180 -527
-527 -23
-23 567
567 536
536 -502
-502 78
78 557
557 150
150 -96
-96 193
193 254
254 520
520 241
241 -55
-55 193
193 464
464 -291
-291 -286
-286 -307
-307 187
187 -484
-484 -37
-37 -277
-277 47
47 -459
-459 -144
-144 8
8 -295
-295 -525
-525 -68
-68 -482
-482 -341
-341 -27
-27 -504
-504 -559
-559 399
399 -570
-570 -508
-508 263
263 526
526 -181
-181 -546
-546 -471
-471 -379
-379 -450
-450 -482
-482 -568
-568 -477
-477 -30
-30 510
510 226
226 -552
-552 -400
-400 -466
-466 47
47 -544
-544 -444
-444 -448
-448 -188
-188 -423
-423 -559
-559 -475
-475 393
393 -286
-286 -120
-120 -20
-20 -543
-543 -502
-502 441
441 529
529 -397
-397 206
206 -113
-113 290
290 -239
-239 163
163 -291
-291 318
318 -181
-181 -291
-291 112
112 -167
-167 555
555 -503
-503 -480
-480 481
481 522
522 323
323 33
33 308
308 -313
-313 566
566 520
520 300
300 187
187 447
447 506
506 357
357 43
43 393
393 415
415 474
474 -280
-280 -511
-511 29
29 476
476 567
567 481
481 449
449 474
474 536
536 499
499 180
180 -527
-527 5
5 567
567 536
536 -502
-502 78
78 557
557 150
150 -96
-96 193
193 254
254 520
520 241
241 -55
-55 193
193 464
464 -291
-291 -562
-562 -307
-307 187
187 -484
-484 -37
-37 -277
-277 47
47 -459
-459 -144
-144 8
8 -295
-295 -525
-525 -68
-68 -482
-482 -341
-341 -27
-27 -344
-344 -559
-559 399
399 -570
-570 -508
-508 263
263 526
526 -181
-181 -546
-546 -471
-471 -379
-379 -450
-450 -482
-482 -568
-568 -477
-477 -30
-30 551
551 226
226 -552
-552 -400
-400 -466
-466 47
47 -544
-544 -444
-444 -448
-448 -188
-188 -423
-423 -559
-559 -475
-475 393
393 -286
-286 -120
-120 -382
-382 -543
-543 -502
-502 441
441 529
529 -397
-397 206
206 -113
-113 290
290 -239
-239 163
163 -291
-291 318
318 -181
-181 -291
-291 112
112 -204
-204 555
555 -503
-503 -480
-480 481
481 522
522 323
323 33
33 308
308 -313
-313 566
566 520
520 300
300 187
187 447
447 506
506 567
567 43
43 393
393 415
415 474
474 -280
-280 -511
-511 29
29 476
476 567
567 481
481 449
449 474
474 536
536 499
499 180
180 -568
-568 5
545 537
537 -345
-87 415
415 -206
-206 214
214 444
444 -502
-502 -412
-412 330
330 465
465 217
217 73
73 294
294 365
365 -527
-527 -478
-478 -246
-246 103
103 -544
-544 29
29 163
163 415
415 -388
-388 -259
-259 -101
-101 -271
-271 -478
-478 -206
-206 147
147 506
506 -320
-320 -425
-425 543
543 -252
-252 -94
-94 -556
-556 -510
-510 -154
-154 465
465 542
542 254
254 49
49 100
100 130
130 402
402 534
534 360
360 -222
-222 -552
-552 -425
-425 -492
-492 52
52 -358
-358 357
357 -558
-558 524
524 282
282 -212
-212 83
83 -308
-308 378
378 -36
-36 505
505 -184
-184 -353
-353 -225
-225 -47
-47 444
444 -483
-483 133
133 -36
-36 192
192 267
267 96
96 -280
-280 276
276 -504
-504 -154
-154 49
49 -131
-131 557
557 -478
-478 11
11 287
287 375
375 230
230 -496
-496 11
11 -328
-328 307
307 -228
-228 221
221 -30
-30 -525
-525 554
554 -432
-432 242
242 32
32 479
479 458
458 545
545 147
147 -407
-407 -535
-535 -403
-403 -131
-131 -101
-101 -118
-118 -345
-345 -543
-543 -401
-401 267
267 545
545 537
537 -87
-87 415
415 -206
-206 214
214 444
444 -502
-502 -412
-412 330
330 465
465 217
217 73
73 294
294 322
322 -527
-527 -478
-478 -246
-246 103
103 -544
-544 29
29 163
163 415
415 -388
-388 -259
-259 -101
-101 -271
-271 -478
-478 -206
-206 147
147 357
357 -320
-320 -425
-425 543
543 -252
-252 -94
-94 -556
-556 -510
-510 -154
-154 465
465 542
542 254
254 49
49 100
100 130
130 402
402 552
552 360
360 -222
-222 -552
-552 -425
-425 -492
-492 52
52 -358
-358 357
357 -558
-558 524
524 282
282 -212
-212 83
83 -308
-308 378
378 -16
-16 505
505 -184
-184 -353
-353 -225
-225 -47
-47 444
444 -483
-483 133
133 -36
-36 192
192 267
267 96
96 -280
-280 276
276 -504
-504 -190
-190 49
49 -131
-131 557
557 -478
-478 11
11 287
287 375
375 230
230 -496
-496 11
11 -328
-328 307
307 -228
-228 221
221 -30
-30 -520
-520 554
554 -432
-432 242
242 32
32 479
479 458
458 545
545 147
147 -407
-407 -535
-535 -403
-403 -131
-131 -101
-101 -118
-118 -345
-345 -550
-550 -401
-401 267
267 545
545 537
537 -87
-87 415
415 -206
-206 214
214 444
444 -502
-502 -412
-412 330
330 465
465 217
217 73
73 322
322 322
322 -527
-527 -478
-478 -246
-246 103
103 -544
-544 29
29 163
163 415
415 -388
-388 -259
-259 -101
-101 -271
-271 -478
-478 -206
-206 -167
-167 357
342 -516
-516 -195
-195 -288
-288 -211
-211 393
393 -232
-232 -538
-538 -525
-525 -397
-397 -125
-125 213
213 396
396 375
375 312
312 127
127 -189
-189 -487
-487 -537
-537 -469
-469 -544
-544 -6
-6 -170
-170 542
542 -534
-534 -92
-92 -480
-480 -544
-544 -429
-429 543
543 -19
-19 398
398 365
365 298
298 542
542 -108
-108 543
543 -299
-299 -52
-52 -513
-513 71
71 5
5 25
25 517
517 61
61 -247
-247 234
234 -487
-487 -42
-42 8
8 -59
-59 542
542 -9
-9 287
287 -535
-535 120
120 -546
-546 -321
-321 -350
-350 -410
-410 18
18 -527
-527 495
495 537
537 516
516 270
270 510
510 -449
-449 41
41 81
81 542
542 474
474 540
540 468
468 114
114 -66
-66 -313
-313 -376
-376 -397
-397 -186
-186 143
143 428
428 540
540 520
520 -144
-144 -167
-167 -355
-355 545
545 219
219 420
420 219
219 -538
-538 276
276 406
406 213
213 162
162 331
331 78
78 -214
-214 -154
-154 -176
-176 -59
-59 -543
-543 58
58 495
495 542
542 -253
-253 -302
-302 -160
-160 -241
-241 -421
-421 -42
-42 349
349 342
342 -516
-516 -195
-195 -288
-288 -211
-211 393
393 -232
-232 -538
-538 -525
-525 -397
-397 -125
-125 213
213 396
396 375
375 278
278 127
127 -189
-189 -487
-487 -537
-537 -469
-469 -544
-544 -6
-6 -170
-170 542
542 -534
-534 -92
-92 -480
-480 -544
-544 -429
-429 543
543 200
200 398
398 365
365 298
298 542
542 -108
-108 543
543 -299
-299 -52
-52 -513
-513 71
71 5
5 25
25 517
517 61
61 -247
-247 107
107 -487
-487 -42
-42 8
8 -59
-59 542
542 -9
-9 287
287 -535
-535 120
120 -546
-546 -321
-321 -350
-350 -410
-410 18
18 -527
-527 406
406 537
537 516
516 270
270 510
510 -449
-449 41
41 81
81 542
542 474
474 540
540 468
468 114
114 -66
-66 -313
-313 -376
-376 -373
-373 -186
-186 143
143 428
428 540
540 520
520 -144
-144 -167
-167 -355
-355 545
545 219
219 420
420 219
219 -538
-538 276
276 406
406 185
185 162
162 331
331 78
78 -214
-214 -154
-154 -176
-176 -59
-59 -543
-543 58
58 495
495 542
542 -253
-253 -302
-302 -160
-160 -241
-241 -423
-423 -189
-189 349
349 342
342 -516
-516 -195
-195 -288
-288 -211
-211 393
393 -232
-232 -538
-538 -525
-525 -397
-397 -125
-125 213
213 396
396 372
372 278
278 127
127 -189
-189 -487
-487 -537
-537 -469
-469 -544
-544 -6
-6 -170
-170 542
542 -534
-534 -92
-92 -480
-480 -544
-544 -429
-429 498
498 200
308 501
501 533
533 -534
-534 -106
-106 -221
-221 -166
-166 -345
-345 -458
-458 -521
-521 -9
-9 -5
-5 -182
-182 477
477 14
14 346
346 89
89 -520
-520 159
159 8
8 11
11 524
524 419
419 342
342 470
470 217
217 83
83 529
529 -533
-533 -506
-506 -262
-262 -209
-209 519
519 411
411 -533
-533 -487
-487 515
515 232
232 -248
-248 -125
-125 -176
-176 513
513 512
512 517
517 533
533 509
509 442
442 396
396 415
415 467
467 520
520 524
524 433
433 -84
-84 -428
-428 289
289 40
40 357
357 485
485 -327
-327 522
522 -416
-416 261
261 334
334 196
196 205
205 283
283 -244
-244 275
275 108
108 -90
-90 -125
-125 -514
-514 27
27 499
499 289
289 -2
-2 -282
-282 -191
-191 -244
-244 -360
-360 -116
-116 532
532 -363
-363 -215
-215 -350
-350 -488
-488 441
441 -465
-465 520
520 -163
-163 -500
-500 -525
-525 -520
-520 -459
-459 -430
-430 -412
-412 -463
-463 -506
-506 -534
-534 -516
-516 -517
-517 -500
-500 264
264 1
1 339
339 -358
-358 -491
-491 302
302 526
526 -399
-399 -365
-365 -257
-257 308
308 501
501 533
533 -534
-534 -106
-106 -221
-221 -166
-166 -345
-345 -458
-458 -521
-521 -9
-9 -5
-5 -182
-182 477
477 -119
-119 346
346 89
89 -520
-520 159
159 8
8 11
11 524
524 419
419 342
342 470
470 217
217 83
83 529
529 -533
-533 -506
-506 -135
-135 -209
-209 519
519 411
411 -533
-533 -487
-487 515
515 232
232 -248
-248 -125
-125 -176
-176 513
513 512
512 517
517 533
533 509
509 415
415 396
396 415
415 467
467 520
520 524
524 433
433 -84
-84 -428
-428 289
289 40
40 357
357 485
485 -327
-327 522
522 -416
-416 298
298 334
334 196
196 205
205 283
283 -244
-244 275
275 108
108 -90
-90 -125
-125 -514
-514 27
27 499
499 289
289 -2
-2 -282
-282 -194
-194 -244
-244 -360
-360 -116
-116 532
532 -363
-363 -215
-215 -350
-350 -488
-488 441
441 -465
-465 520
520 -163
-163 -500
-500 -525
-525 -520
-520 -458
-458 -430
-430 -412
-412 -463
-463 -506
-506 -534
-534 -516
-516 -517
-517 -500
-500 264
264 1
1 339
339 -358
-358 -491
-491 302
302 526
526 -370
-370 -365
-365 -257
-257 308
308 501
501 533
533 -534
-534 -106
-106 -221
-221 -166
-166 -345
-345 -458
-458 -521
-521 -9
-9 -5
-5 -182
-182 83
83 -119
-119 346
346 89
89 -520
-520 159
159 8
8 11
11 524
524 419
419 342
342 470
470 217
217 83
83 529
529 -533
-533 -520
-520 -135
-135 -209
-209 519
519 411
411 -533
-533 -487
-487 515
515 232
232 -248
-248 -125
-125 -176
-176 513
513 512
512 517
517 533
533 497
497 415
415 396
396 415
415 467
467 520
520 524
524 433
433 -84
-84 -428
-428 289
289 40
40 357
357 485
485 -327
-327 522
522 -303
-303 298
298 334
334 196
196 205
205 283
283 -244
-244 275
275 108
108 -90
-90 -125
-125 -514
-514 27
27 499
499 289
289 -2
-2 -276
-276 -194
-194 -244
-244 -360
-360 -116
-116 532
532 -363
-363 -215
-215 -350
-350 -488
-488 441
441 -465
-465 520
520 -163
-163 -500
-500 -525
-525 -516
-516 -458
-458 -430
-430 -412
-412 -463
-463 -506
-506 -534
-534 -516
-516 -517
-517 -500
-500 264
264 1
1 339
339 -358
-358 -491
-491 302
302 302
302 -370
-370 -365
-365 -257
-257 308
308 501
501 533
533 -534
-534 -106
-106 -221
-221 -166
-166 -345
-345 -458
-458 -521
-521 -9
-9 -5
-5 -295
-295 83
83 -163
-163 346
346 89
89 -520
-520 159
159 8
8 11
11 524
524 419
419 342
342 470
470 217
217 83
83 529
529 -531
-531 -520
-520 -135
-135 -209
-209 519
519 411
411 -533
-533 -487
-487 515
515 232
232 -248
-248 -125
-125 -176
-176 513
513 512
512 517
517 533
533 497
497 415
415 396
396 415
415 467
467 520
520 524
524 433
433 -84
-84 -428
-428 289
289 40
40 357
357 485
485 -327
-327 344
344 -303
-303 298
298 334
334 196
196 205
205 283
283 -244
-244 275
275 108
108 -90
-90 -125
-125 -514
-514 27
27 499
499 289
289 -84
-84 -276
-276 -194
-194 -244
-244 -360
-360 -116
-116 532
532 -363
-363 -215
-215 -350
-350 -488
-488 441
441 -465
-465 520
520 -163
-163 -500
-500 -525
-525 -516
-516 -458
-458 -430
-430 -412
-412 -463
-463 -506
-506 -534
-534 -516
-516 -517
-517 -500
-500 264
264 1
1 339
339 -358
-358 -491
-491 -64
-64 302
302 -370
-370 -365
-365 -257
-257 308
308 501
501 533
533 -534
-534 -106
-106 -221
-221 -166
-166 -345
-345 -458
-458 -521
-521 -9
-9 8
8 -295
-295 83
83 -163
-163 346
346 89
89 -520
-520 159
159 8
8 11
11 524
524 419
419 342
342 470
470 217
217 83
83 429
429 -531
-531 -520
-520 -135
-135 -209
-209 519
519 411
411 -533
-533 -487
-487 515
515 232
232 -248
-248 -125
-125 -176
-176 513
513 512
512 520
520 533
533 497
497 415
415 396
396 415
415 467
467 520
520 524
524 433
433 -84
-84 -428
-428 289
289 40
40 357
357 485
485 -503
-503 344
-163 -166
-166 261
261 275
275 192
192 207
207 174
174 -466
-466 515
515 327
327 20
20 -259
-259 -437
-437 1
1 247
247 71
71 189
189 -222
-222 -190
-190 -216
-216 -297
-297 -132
-132 470
470 -477
-477 460
460 -517
-517 -338
-338 -448
-448 427
427 -518
-518 502
502 81
81 -382
-382 -474
-474 -511
-511 -518
-518 -520
-520 -523
-523 -523
-523 -523
-523 -483
-483 -202
-202 431
431 -237
-237 112
112 -95
-95 -510
-510 433
433 -98
-98 -471
-471 -442
-442 309
309 -491
-491 275
275 507
507 171
171 71
71 -523
-523 -491
-491 -166
-166 -242
-242 -492
-492 -516
-516 -75
-75 -47
-47 -466
-466 -276
-276 -82
-82 317
317 52
52 -228
-228 375
375 52
52 81
81 516
516 509
509 250
250 213
213 483
483 458
458 250
250 -292
-292 -500
-500 -178
-178 261
261 84
84 414
414 227
227 501
501 -91
-91 507
507 17
17 -18
-18 143
143 -392
-392 302
302 503
503 522
522 522
522 520
520 520
520 516
516 509
509 454
454 294
294 -355
-355 -297
-297 483
483 -463
-463 522
522 349
349 389
389 -160
-160 -163
-163 -166
-166 261
261 275
275 192
192 207
207 174
174 -466
-466 515
515 327
327 20
20 -259
-259 -437
-437 1
1 458
458 71
71 189
189 -222
-222 -190
-190 -216
-216 -297
-297 -132
-132 470
470 -477
-477 460
460 -517
-517 -338
-338 -448
-448 427
427 -518
-518 515
515 81
81 -382
-382 -474
-474 -511
-511 -518
-518 -520
-520 -523
-523 -523
-523 -523
-523 -483
-483 -202
-202 431
431 -237
-237 112
112 -95
-95 -499
-499 433
433 -98
-98 -471
-471 -442
-442 309
309 -491
-491 275
275 507
507 171
171 71
71 -523
-523 -491
-491 -166
-166 -242
-242 -492
-492 -466
-466 -75
-75 -47
-47 -466
-466 -276
-276 -82
-82 317
317 52
52 -228
-228 375
375 52
52 81
81 516
516 509
509 250
250 213
213 396
396 458
458 250
250 -292
-292 -500
-500 -178
-178 261
261 84
84 414
414 227
227 501
501 -91
-91 507
507 17
17 -18
-18 143
143 -338
-338 302
302 503
503 522
522 522
522 520
520 520
520 516
516 509
509 454
454 294
294 -355
-355 -297
-297 483
483 -463
-463 522
522 366
366 389
389 -160
-160 -163
-163 -166
-166 261
261 275
275 192
192 207
207 174
174 -466
-466 515
515 327
327 20
20 -259
-259 -437
-437 -82
-82 458
458 71
71 189
189 -222
-222 -190
-190 -216
-216 -297
-297 -132
-132 470
470 -477
-477 460
460 -517
-517 -338
-338 -448
-448 427
427 -506
-506 515
-490 351
351 403
403 39
39 -248
-248 -319
-319 -368
-368 -338
-338 -324
-324 -77
-77 351
351 427
427 -408
-408 269
269 125
125 -486
-486 23
23 -270
-270 411
411 -482
-482 -503
-503 503
503 -508
-508 176
176 261
261 -480
-480 498
498 -402
-402 -272
-272 426
426 -24
-24 146
146 -473
-473 -153
-153 -141
-141 -506
-506 -468
-468 7
7 305
305 4
4 107
107 497
497 140
140 167
167 507
507 351
351 45
45 -105
-105 472
472 469
469 -469
-469 293
293 -267
-267 -77
-77 479
479 -415
-415 509
509 510
510 -511
-511 -237
-237 295
295 472
472 -183
-183 137
137 269
269 -496
-496 -237
-237 176
176 300
300 387
387 373
373 325
325 152
152 -218
-218 -502
-502 39
39 487
487 -502
-502 348
348 396
396 510
510 -251
-251 411
411 -460
-460 -209
-209 202
202 214
214 173
173 170
170 -15
-15 -484
-484 375
375 464
464 125
125 -294
-294 -499
-499 -99
-99 271
271 -316
-316 423
423 -102
-102 -168
-168 -180
-180 -229
-229 -105
-105 355
355 -77
-77 247
247 -21
-21 -450
-450 -463
-463 23
23 373
373 -490
-490 351
351 403
403 39
39 -248
-248 -319
-319 -368
-368 -338
-338 -324
-324 -77
-77 351
351 427
427 -408
-408 269
269 -46
-46 -486
-486 23
23 -270
-270 411
411 -482
-482 -503
-503 503
503 -508
-508 176
176 261
261 -480
-480 498
498 -402
-402 -272
-272 426
426 170
170 146
146 -473
-473 -153
-153 -141
-141 -506
-506 -468
-468 7
7 305
305 4
4 107
107 497
497 140
140 167
167 507
507 351
351 152
152 -105
-105 472
472 469
469 -469
-469 293
293 -267
-267 -77
-77 479
479 -415
-415 509
509 510
510 -511
-511 -237
-237 295
295 472
472 -242
-242 137
137 269
269 -496
-496 -237
-237 176
176 300
300 387
387 373
373 325
325 152
152 -218
-218 -502
-502 39
39 487
487 -502
-502 440
440 396
396 510
510 -251
-251 411
411 -460
-460 -209
-209 202
202 214
214 173
173 170
170 -15
-15 -484
-484 375
375 464
464 125
125 -491
-491 -499
-499 -99
-99 271
271 -316
-316 423
423 -102
-102 -168
-168 -180
-180 -229
-229 -105
-105 355
355 -77
-77 247
247 -21
-21 -450
-450 -490
-490 23
23 373
373 -490
-490 351
351 403
403 39
39 -248
-248 -319
-319 -368
-368 -338
-338 -324
-324 -77
-77 351
351 427
427 -408
-408 339
339 -46
-46 -486
-486 23
23 -270
-270 411
411 -482
-482 -503
-503 503
503 -508
-508 176
176 261
261 -480
-480 498
498 -402
-402 -272
-272 502
502 170
421 332
332 -480
-480 -235
-235 -254
-254 -362
-362 -488
-488 99
99 294
294 -45
-45 375
375 473
473 242
242 253
253 499
499 356
356 -72
-72 -490
-490 -111
-111 365
365 -218
-218 450
450 152
152 125
125 499
499 -483
-483 365
365 470
470 122
122 336
336 -486
-486 409
409 402
402 -321
-321 -176
-176 499
499 -27
-27 -475
-475 -495
-495 -403
-403 -419
-419 -470
-470 -495
-495 -170
-170 327
327 416
416 -473
-473 228
228 474
474 462
462 298
298 -459
-459 444
444 -500
-500 -144
-144 143
143 155
155 128
128 86
86 -229
-229 -227
-227 10
10 495
495 303
303 -499
-499 -438
-438 -129
-129 -20
-20 -500
-500 495
495 62
62 -108
-108 -135
-135 -162
-162 -78
-78 266
266 311
311 -370
-370 332
332 -491
-491 -427
-427 -484
-484 77
77 369
369 -477
-477 -82
-82 371
371 498
498 477
477 429
429 473
473 497
497 400
400 -150
-150 -469
-469 453
453 53
53 -448
-448 -248
-248 405
405 -8
-8 -309
-309 -470
-470 -182
-182 298
298 -477
-477 -60
-60 -190
-190 -229
-229 -51
-51 -345
-345 489
489 283
283 421
421 332
332 -480
-480 -235
-235 -254
-254 -362
-362 -488
-488 99
99 294
294 -45
-45 375
375 473
473 242
242 253
253 477
477 356
356 -72
-72 -490
-490 -111
-111 365
365 -218
-218 450
450 152
152 125
125 499
499 -483
-483 365
365 470
470 122
122 336
336 -455
-455 409
409 402
402 -321
-321 -176
-176 499
499 -27
-27 -475
-475 -495
-495 -403
-403 -419
-419 -470
-470 -495
-495 -170
-170 327
327 416
416 -488
-488 228
228 474
474 462
462 298
298 -459
-459 444
444 -500
-500 -144
-144 143
143 155
155 128
128 86
86 -229
-229 -227
-227 10
10 483
483 203
203 -499
-499 -438
-438 -129
-129 -20
-20 -500
-500 495
495 62
62 -108
-108 -135
-135 -162
-162 -78
-78 266
266 311
311 -370
-370 245
245 -491
-491 -427
-427 -484
-484 77
77 369
369 -477
-477 -82
-82 371
371 498
498 477
477 429
429 473
473 497
497 400
400 -150
-150 -429
-429 453
453 53
53 -448
-448 -248
-248 405
405 -8
-8 -309
-309 -470
-470 -182
-182 298
298 -477
-477 -60
-60 -190
-190 -229
-229 -51
-51 -360
-360 489
489 283
283 421
421 332
332 -480
-480 -235
-235 -254
-254 -362
-362 -488
-488 99
99 294
294 -45
-45 375
375 473
473 242
242 263
263 477
477 356
356 -72
-72 -490
-490 -111
-111 365
365 -218
-218 450
450 152
152 125
125 499
499 -483
-483 365
365 470
470 122
122 472
472 -455
-455 409
409 402
402 -321
-321 -176
-176 499
499 -27
-27 -475
-475 -495
-495 -403
-403 -419
-419 -470
-470 -495
-495 -170
-170 327
327 268
268 -488
-488 228
228 474
474 462
462 298
298 -459
-459 444
444 -500
-500 -144
-144 143
143 155
155 128
128 86
86 -229
-229 -227
-227 -246
-246 483
483 203
203 -499
-499 -438
-438 -129
-129 -20
-20 -500
-500 495
495 62
62 -108
-108 -135
-135 -162
-162 -78
-78 266
266 311
311 -170
-170 245
245 -491
-491 -427
-427 -484
-484 77
77 369
369 -477
-477 -82
-82 371
371 498
498 477
477 429
429 473
473 497
497 400
400 -232
-232 -429
-429 453
453 53
53 -448
-448 -248
-248 405
405 -8
-8 -309
-309 -470
-470 -182
-182 298
298 -477
-477 -60
-60 -190
-190 -229
-229 -165
-165 -360
-360 489
489 283
283 421
421 332
332 -480
-480 -235
-235 -254
-254 -362
-362 -488
-488 99
99 294
294 -45
-45 375
375 473
473 231
231 263
263 477
477 356
356 -72
-72 -490
-490 -111
-111 365
365 -218
-218 450
450 152
152 125
125 499
499 -483
-483 365
365 470
470 -51
-51 472
472 -455
-455 409
409 402
402 -321
-321 -176
-176 499
499 -27
-27 -475
-475 -495
-495 -403
-403 -419
-419 -470
-470 -495
-495 -170
-170 452
452 268
268 -488
-488 228
228 474
474 462
462 298
298 -459
-459 444
444 -500
-500 -144
-144 143
143 155
155 128
128 86
86 -229
-229 -39
-39 -246
-246 483
483 203
203 -499
-499 -438
-438 -129
-129 -20
-20 -500
-500 495
495 62
62 -108
-108 -135
-135 -162
-162 -78
-78 266
266 201
201 -170
-170 389
389 -491
-491 -427
-427 -484
-484 77
77 369
369 -477
-477 -82
-82 371
371 498
498 477
477 429
429 473
473 497
497 356
356 -232
-232 -429
-429 453
453 53
53 -448
-448 -248
-248 405
405 -8
-8 -309
-309 -470
-470 -182
-182 298
298 -477
-477 -60
-60 -190
-190 -63
-63 -165
-165 -360
-360 489
489 283
283 421
421 332
332 -480
-480 -235
-235 -254
-254 -362
-362 -488
-488 99
99 294
294 -45
-45 375
375 499
499 231
231 263
263 477
477 356
356 -72
-72 -490
-490 -111
-111 365
365 -218
-218 450
450 152
152 125
125 499
499 -483
-483 365
365 479
479 -51
-51 472
472 -455
-455 409
409 402
402 -321
-321 -176
-176 499
499 -27
-27 -475
-475 -495
-495 -403
-403 -419
-419 -470
-470 -495
-495 -118
-118 452
452 268
268 -488
-488 228
228 474
474 462
462 298
298 -459
-459 444
444 -500
-500 -144
-144 143
143 155
155 128
128 86
86 -290
-290 -251
137 -460
-460 444
444 285
285 -490
-490 -356
-356 -178
-178 -200
-200 -328
-328 348
348 263
263 -5
-5 -71
-71 -89
-89 -23
-23 265
265 413
413 -490
-490 463
463 -95
-95 -487
-487 -468
-468 -391
-391 117
117 464
464 -189
-189 -486
-486 -387
-387 -170
-170 -161
-161 -276
-276 -456
-456 -439
-439 96
96 487
487 -44
-44 -408
-408 -321
-321 458
458 -488
-488 423
423 -486
-486 -484
-484 255
255 52
52 -479
-479 -341
-341 -468
-468 469
469 -480
-480 -482
-482 -347
-347 67
67 485
485 487
487 -488
-488 -319
-319 -380
-380 -53
-53 -372
-372 185
185 268
268 -106
-106 313
313 400
400 340
340 343
343 449
449 149
149 -310
-310 -387
-387 -480
-480 411
411 329
329 -278
-278 477
477 336
336 489
489 -303
-303 146
146 481
481 412
412 -430
-430 154
154 -164
-164 407
407 346
346 -211
-211 -453
-453 169
169 489
489 400
400 123
123 131
131 252
252 469
469 351
351 4
4 -468
-468 58
58 489
489 459
459 424
424 -286
-286 82
82 52
52 -464
-464 -147
-147 79
79 91
91 55
55 -68
-68 -453
-453 137
137 -460
-460 444
444 285
285 -490
-490 -356
-356 -178
-178 -200
-200 -328
-328 348
348 263
263 -5
-5 -71
-71 -89
-89 4
4 265
265 413
413 -490
-490 463
463 -95
-95 -487
-487 -468
-468 -391
-391 117
117 464
464 -189
-189 -486
-486 -387
-387 -170
-170 -161
-161 -230
-230 -456
-456 -439
-439 96
96 487
487 -44
-44 -408
-408 -321
-321 458
458 -488
-488 423
423 -486
-486 -484
-484 255
255 52
52 -479
-479 -328
-328 -468
-468 469
469 -480
-480 -482
-482 -347
-347 67
67 485
485 487
487 -488
-488 -319
-319 -380
-380 -53
-53 -372
-372 185
185 268
268 -121
-121 313
313 400
400 340
340 343
343 449
449 149
149 -310
-310 -387
-387 -480
-480 411
411 329
329 -278
-278 477
477 336
336 489
489 -376
-376 146
146 481
481 412
412 -430
-430 154
154 -164
-164 407
407 346
346 -211
-211 -453
-453 169
169 489
489 400
400 123
123 131
131 299
299 469
469 351
351 4
4 -468
-468 58
58 489
489 459
459 424
424 -286
-286 82
82 52
52 -464
-464 -147
-147 79
79 91
91 52
52 -68
-68 -453
-453 137
137 -460
-460 444
444 285
285 -490
-490 -356
-356 -178
-178 -200
-200 -328
-328 348
348 263
263 -5
-5 -71
-71 -83
-83 4
4 265
265 413
413 -490
-490 463
463 -95
-95 -487
-487 -468
-468 -391
-391 117
117 464
464 -189
-189 -486
-486 -387
-387 -170
-170 -109
-109 -230
-25 277
277 477
477 288
288 -146
-146 -398
-398 -338
-338 313
313 -135
-135 274
274 -138
-138 -478
-478 -332
-332 449
449 -81
-81 -479
-479 -479
-479 1
1 237
237 -455
-455 -340
-340 -398
-398 -17
-17 316
316 470
470 -478
-478 -388
-388 -463
-463 237
237 -177
-177 267
267 477
477 -169
-169 473
473 184
184 423
423 404
404 414
414 -78
-78 -461
-461 -188
-188 290
290 478
478 477
477 -449
-449 307
307 473
473 458
458 -146
-146 -217
-217 458
458 477
477 -204
-204 214
214 -235
-235 -81
-81 391
391 347
347 16
16 -412
-412 -412
-412 -182
-182 68
68 71
71 -72
-72 -265
-265 -463
-463 -375
-375 198
198 457
457 469
469 465
465 117
117 -447
-447 465
465 -240
-240 -460
-460 -152
-152 1
1 10
10 -49
-49 -238
-238 -464
-464 421
421 -460
-460 412
412 374
374 -478
-478 -287
-287 -238
-238 -362
-362 -20
-20 13
13 426
426 114
114 13
13 -5
-5 57
57 242
242 472
472 -289
-289 -14
-14 441
441 -305
-305 -477
-477 -479
-479 -420
-420 4
4 449
449 391
391 120
120 -141
-141 -149
-149 -25
-25 277
277 477
477 288
288 -146
-146 -398
-398 -338
-338 313
313 -135
-135 274
274 -138
-138 -478
-478 -332
-332 449
449 -207
-207 -479
-479 -479
-479 1
1 237
237 -455
-455 -340
-340 -398
-398 -17
-17 316
316 470
470 -478
-478 -388
-388 -463
-463 237
237 -177
-177 361
361 477
477 -169
-169 473
473 184
184 423
423 404
404 414
414 -78
-78 -461
-461 -188
-188 290
290 478
478 477
477 -449
-449 307
307 469
469 458
458 -146
-146 -217
-217 458
458 477
477 -204
-204 214
214 -235
-235 -81
-81 391
391 347
347 16
16 -412
-412 -412
-412 -182
-182 13
13 71
71 -72
-72 -265
-265 -463
-463 -375
-375 198
198 457
457 469
469 465
465 117
117 -447
-447 465
465 -240
-240 -460
-460 -152
-152 4
4 10
10 -49
-49 -238
-238 -464
-464 421
421 -460
-460 412
412 374
374 -478
-478 -287
-287 -238
-238 -362
-362 -20
-20 13
13 426
426 106
106 13
13 -5
-5 57
57 242
242 472
472 -289
-289 -14
-14 441
441 -305
-305 -477
-477 -479
-479 -420
-420 4
4 449
449 391
391 68
68 -141
-141 -149
-149 -25
-25 277
277 477
477 288
288 -146
-146 -398
-398 -338
-338 313
313 -135
-135 274
274 -138
-138 -478
-478 -332
-332 477
477 -207
-207 -479
-479 -479
-479 1
1 237
237 -455
-455 -340
-340 -398
-398 -17
-17 316
316 470
470 -478
-478 -388
-388 -463
-463 237
237 126
126 361
413 463
463 -212
-212 442
442 -132
-132 465
465 449
449 366
366 -389
-389 -430
-430 -71
-71 391
391 217
217 449
449 -34
-34 -96
-96 387
387 382
382 -71
-71 -411
-411 311
311 467
467 266
266 -459
-459 464
464 -425
-425 -42
-42 349
349 361
361 199
199 -96
-96 -331
-331 -386
-386 -407
-407 -425
-425 -326
-326 -5
-5 239
239 452
452 468
468 450
450 164
164 -408
-408 1
1 361
361 -397
-397 -420
-420 -163
-163 -73
-73 -85
-85 -165
-165 -383
-383 -283
-283 447
447 -312
-312 385
385 422
422 -464
-464 -184
-184 -292
-292 -422
-422 273
273 -337
-337 467
467 244
244 120
120 72
72 118
118 300
300 467
467 18
18 -431
-431 302
302 172
172 -371
-371 -469
-469 -466
-466 -414
-414 -189
-189 145
145 370
370 449
449 434
434 391
391 221
221 -42
-42 -283
-283 -380
-380 -281
-281 191
191 183
183 -285
-285 300
300 -421
-421 -459
-459 41
41 429
429 -207
-207 -427
-427 -262
-262 427
427 -238
-238 -436
-436 188
188 145
145 21
21 24
24 437
437 -450
-450 -443
-443 -463
-463 465
465 271
271 413
413 463
463 -212
-212 442
442 -132
-132 465
465 449
449 366
366 -389
-389 -430
-430 -71
-71 391
391 217
217 449
449 -222
-222 -96
-96 387
387 382
382 -71
-71 -411
-411 311
311 467
467 266
266 -459
-459 464
464 -425
-425 -42
-42 349
349 361
361 199
199 -65
-65 -331
-331 -386
-386 -407
-407 -425
-425 -326
-326 -5
-5 239
239 452
452 468
468 450
450 164
164 -408
-408 1
1 361
361 -397
-397 -392
-392 -163
-163 -73
-73 -85
-85 -165
-165 -383
-383 -283
-283 447
447 -312
-312 385
385 422
422 -464
-464 -184
-184 -292
-292 -422
-422 273
273 -197
-197 467
467 244
244 120
120 72
72 118
118 300
300 467
467 18
18 -431
-431 302
302 172
172 -371
-371 -469
-469 -466
-466 -414
-414 -165
-165 145
145 370
370 449
449 434
434 391
391 221
221 -42
-42 -283
-283 -380
-380 -281
-281 191
191 183
183 -285
-285 300
300 -421
-421 -449
-449 41
41 429
429 -207
-207 -427
-427 -262
-262 427
427 -238
-238 -436
-436 188
188 145
145 21
21 24
24 437
437 -450
-450 -443
-443 -445
-445 465
465 271
271 413
413 463
463 -212
-212 442
442 -132
-132 465
465 449
449 366
366 -389
-389 -430
-430 -71
-71 391
391 217
217 462
462 -222
-222 -96
-96 387
387 382
382 -71
-71 -411
-411 311
311 467
467 266
266 -459
-459 464
464 -425
-425 -42
-42 349
349 361
361 167
167 -65
-65 -331
-331 -386
-386 -407
-407 -425
-425 -326
-326 -5
-5 239
239 452
452 468
468 450
450 164
164 -408
-408 1
1 361
361 -437
-437 -392
-392 -163
-163 -73
-73 -85
-85 -165
-165 -383
-383 -283
-283 447
447 -312
-312 385
385 422
422 -464
-464 -184
-184 -292
-292 -422
-422 123
123 -197
-197 467
467 244
244 120
120 72
72 118
118 300
300 467
467 18
18 -431
-431 302
302 172
172 -371
-371 -469
-469 -466
-466 -388
-388 -165
-165 145
145 370
370 449
449 434
434 391
391 221
221 -42
-42 -283
-283 -380
-380 -281
-281 191
191 183
183 -285
-285 300
300 -443
-443 -449
-449 41
41 429
429 -207
-207 -427
-427 -262
-262 427
427 -238
-238 -436
-436 188
188 145
145 21
21 24
24 437
437 -450
-450 -441
-441 -445
-445 465
465 271
271 413
413 463
463 -212
-212 442
442 -132
-132 465
465 449
449 366
366 -389
-389 -430
-430 -71
-71 391
391 363
363 462
462 -222
-222 -96
-96 387
387 382
382 -71
-71 -411
-411 311
311 467
467 266
266 -459
-459 464
464 -425
-425 -42
-42 349
349 353
353 167
167 -65
-65 -331
-331 -386
-386 -407
-407 -425
-425 -326
-326 -5
-5 239
239 452
452 468
468 450
450 164
164 -408
-408 1
1 273
273 -437
-437 -392
-392 -163
-163 -73
-73 -85
-85 -165
-165 -383
-383 -283
-283 447
447 -312
-312 385
385 422
422 -464
-464 -184
-184 -292
-292 -323
-323 123
123 -197
-197 467
467 244
244 120
120 72
72 118
118 300
300 467
467 18
18 -431
-431 302
302 172
172 -371
-371 -469
-469 -464
-464 -388
-388 -165
-165 145
145 370
370 449
449 434
434 391
391 221
221 -42
-42 -283
-283 -380
-380 -281
-281 191
191 183
183 -285
-285 256
256 -443
-443 -449
-449 41
41 429
429 -207
-207 -427
-427 -262
-262 427
427 -238
-238 -436
-436 188
188 145
145 21
21 24
24 437
437 -464
-464 -441
-441 -445
-445 465
465 271
271 413
413 463
463 -212
-212 442
442 -132
-132 465
465 449
449 366
366 -389
-389 -430
-430 -71
-71 465
465 363
363 462
462 -222
-222 -96
-96 387
387 382
382 -71
-71 -411
-411 311
311 467
467 266
266 -459
-459 464
464 -425
-425 -42
-42 361
361 353
353 167
167 -65
-65 -331
-331 -386
-386 -407
-407 -425
-425 -326
-326 -5
-5 239
239 452
452 468
468 450
450 164
164 -408
-408 98
98 273
273 -437
-437 -392
-392 -163
-163 -73
-73 -85
-85 -165
-165 -383
-383 -283
-283 447
447 -312
-312 385
385 422
422 -464
-464 -184
-184 -278
-278 -323
-402 351
351 -421
-421 397
397 371
371 224
224 166
166 189
189 312
312 443
443 256
256 -415
-415 -52
-52 455
455 54
54 -376
-376 -451
-451 -448
-448 -415
-415 -341
-341 -218
-218 -111
-111 -127
-127 -200
-200 -286
-286 -350
-350 -352
-352 -230
-230 251
251 371
371 -459
-459 458
458 -193
-193 -445
-445 -332
-332 267
267 357
357 -119
-119 -225
-225 176
176 364
364 -427
-427 -459
-459 344
344 434
434 129
129 -223
-223 294
294 -429
-429 -459
-459 -309
-309 336
336 366
366 443
443 448
448 -261
-261 312
312 -359
-359 431
431 458
458 308
308 -413
-413 -237
-237 -94
-94 194
194 -94
-94 446
446 222
222 -435
-435 79
79 234
234 -58
-58 -456
-456 57
57 420
420 407
407 -183
-183 -203
-203 334
334 -453
-453 4
4 308
308 358
358 334
334 236
236 123
123 107
107 155
155 253
253 375
375 433
433 450
450 434
434 199
199 -228
-228 -297
-297 440
440 -22
-22 -455
-455 -368
-368 -208
-208 -159
-159 -183
-183 -292
-292 -455
-455 26
26 232
232 -111
-111 377
377 447
447 -432
-432 -254
-254 -326
-326 -402
-402 351
351 -421
-421 397
397 371
371 224
224 166
166 189
189 312
312 443
443 256
256 -415
-415 -52
-52 455
455 -8
-8 -376
-376 -451
-451 -448
-448 -415
-415 -341
-341 -218
-218 -111
-111 -127
-127 -200
-200 -286
-286 -350
-350 -352
-352 -230
-230 251
251 371
371 -415
-415 458
458 -193
-193 -445
-445 -332
-332 267
267 357
357 -119
-119 -225
-225 176
176 364
364 -427
-427 -459
-459 344
344 434
434 129
129 -402
-402 294
294 -429
-429 -459
-459 -309
-309 336
336 366
366 443
443 448
448 -261
-261 312
312 -359
-359 431
431 458
458 308
308 -413
-413 -381
-381 -94
-94 194
194 -94
-94 446
446 222
222 -435
-435 79
79 234
234 -58
-58 -456
-456 57
57 420
420 407
407 -183
-183 -203
-203 274
274 -453
-453 4
4 308
308 358
358 334
334 236
236 123
123 107
107 155
155 253
253 375
375 433
433 450
450 434
434 199
199 -299
-299 -297
-297 440
440 -22
-22 -455
-455 -368
-368 -208
-208 -159
-159 -183
-183 -292
-292 -455
-455 26
26 232
232 -111
-111 377
377 447
447 -327
-327 -254
-254 -326
-326 -402
-402 351
351 -421
-421 397
397 371
371 224
224 166
166 189
189 312
312 443
443 256
256 -415
-415 -52
-52 457
457 -8
-8 -376
-376 -451
-451 -448
-448 -415
-415 -341
-341 -218
-218 -111
-111 -127
-127 -200
-200 -286
-286 -350
-350 -352
-352 -230
-230 251
251 232
232 -415
259 185
185 -353
-353 -406
-406 -129
-129 377
377 318
318 26
26 94
94 435
435 -21
-21 -449
-449 -350
-350 -196
-196 422
422 340
340 -449
-449 308
308 -372
-372 -429
-429 -95
-95 105
105 410
410 448
448 418
418 -303
-303 165
165 -449
-449 322
322 430
430 229
229 -365
-365 -158
-158 -116
-116 -278
-278 -448
-448 446
446 400
400 -297
-297 -301
-301 -27
-27 -132
-132 -429
-429 -203
-203 308
308 415
415 183
183 -449
-449 274
274 26
26 -444
-444 -89
-89 215
215 327
327 352
352 345
345 354
354 375
375 399
399 414
414 413
413 359
359 178
178 -223
-223 -422
-422 170
170 390
390 -225
-225 -445
-445 -373
-373 -267
-267 -237
-237 -278
-278 -391
-391 -403
-403 318
318 -38
-38 69
69 374
374 430
430 -271
-271 -153
-153 -370
-370 -429
-429 448
448 -427
-427 170
170 442
442 327
327 252
252 252
252 329
329 421
421 354
354 -156
-156 -313
-313 220
220 412
412 -10
-10 -325
-325 -408
-408 -415
-415 -411
-411 -390
-390 -364
-364 -355
-355 -357
-357 -346
-346 -286
-286 -108
-108 259
259 314
314 -438
-438 259
259 185
185 -353
-353 -406
-406 -129
-129 377
377 318
318 26
26 94
94 435
435 -21
-21 -449
-449 -350
-350 -196
-196 350
350 340
340 -449
-449 308
308 -372
-372 -429
-429 -95
-95 105
105 410
410 448
448 418
418 -303
-303 165
165 -449
-449 322
322 430
430 162
162 -365
-365 -158
-158 -116
-116 -278
-278 -448
-448 446
446 400
400 -297
-297 -301
-301 -27
-27 -132
-132 -429
-429 -203
-203 308
308 415
415 152
152 -449
-449 274
274 26
26 -444
-444 -89
-89 215
215 327
327 352
352 345
345 354
354 375
375 399
399 414
414 413
413 359
359 107
107 -223
-223 -422
-422 170
170 390
390 -225
-225 -445
-445 -373
-373 -267
-267 -237
-237 -278
-278 -391
-391 -403
-403 318
318 -38
-38 69
69 356
356 430
430 -271
-271 -153
-153 -370
-370 -429
-429 448
448 -427
-427 170
170 442
442 327
327 252
252 252
252 329
329 421
421 354
354 -278
-278 -313
-313 220
220 412
412 -10
-10 -325
-325 -408
-408 -415
-415 -411
-411 -390
-390 -364
-364 -355
-355 -357
-357 -346
-346 -286
-286 -108
-108 356
356 314
314 -438
-438 259
259 185
185 -353
-353 -406
-406 -129
-129 377
377 318
318 26
26 94
94 435
435 -21
-21 -449
-449 -350
-350 -390
-390 350
350 340
340 -449
-449 308
308 -372
-372 -429
-429 -95
-95 105
105 410
410 448
448 418
418 -303
-303 165
165 -449
-449 322
322 426
426 162
94 -381
-381 57
57 -199
-199 -435
-435 -134
-134 320
320 435
435 47
47 -439
-439 -276
-276 -243
-243 -413
-413 -310
-310 151
151 380
380 307
307 -194
-194 -347
-347 421
421 -10
-10 -438
-438 -225
-225 65
65 193
193 285
285 312
312 333
333 329
329 294
294 238
238 -5
-5 -332
-332 -436
-436 -58
-58 429
429 131
131 -343
-343 -439
-439 -379
-379 -319
-319 -316
-316 -365
-365 -438
-438 -225
-225 436
436 -304
-304 318
318 374
374 380
380 -259
-259 -50
-50 -397
-397 -436
-436 382
382 -241
-241 -119
-119 416
416 402
402 340
340 320
320 359
359 418
418 397
397 -37
-37 -438
-438 -234
-234 334
334 390
390 62
62 -201
-201 -300
-300 -313
-313 -330
-330 -326
-326 -300
-300 -243
-243 -129
-129 81
81 393
393 249
249 -364
-364 -37
-37 411
411 -139
-139 -372
-372 -318
-318 57
57 418
418 344
344 217
217 366
366 351
351 -291
-291 -438
-438 196
196 -354
-354 247
247 427
427 -347
-347 311
311 -288
-288 -344
-344 136
136 -145
-145 421
421 430
430 399
399 -344
-344 -7
-7 -394
-394 193
193 359
359 94
94 -381
-381 57
57 -199
-199 -435
-435 -134
-134 320
320 435
435 47
47 -439
-439 -276
-276 -243
-243 -413
-413 -310
-310 179
179 380
380 307
307 -194
-194 -347
-347 421
421 -10
-10 -438
-438 -225
-225 65
65 193
193 285
285 312
312 333
333 329
329 294
294 181
181 -5
-5 -332
-332 -436
-436 -58
-58 429
429 131
131 -343
-343 -439
-439 -379
-379 -319
-319 -316
-316 -365
-365 -438
-438 -225
-225 436
436 -402
-402 318
318 374
374 380
380 -259
-259 -50
-50 -397
-397 -436
-436 382
382 -241
-241 -119
-119 416
416 402
402 340
340 320
320 359
359 421
421 397
397 -37
-37 -438
-438 -234
-234 334
334 390
390 62
62 -201
-201 -300
-300 -313
-313 -330
-330 -326
-326 -300
-300 -243
-243 -129
-129 125
125 393
393 249
249 -364
-364 -37
-37 411
411 -139
-139 -372
-372 -318
-318 57
57 418
418 344
344 217
217 366
366 351
351 -291
-291 -438
-438 325
325 -354
-354 247
247 427
427 -347
-347 311
311 -288
-288 -344
-344 136
136 -145
-145 421
421 430
430 399
399 -344
-344 -7
-7 -437
-437 193
193 359
359 94
94 -381
-381 57
57 -199
-199 -435
-435 -134
-134 320
320 435
435 47
47 -439
-439 -276
-276 -243
-243 -413
-413 -278
-278 179
179 380
380 307
307 -194
-194 -347
-347 421
421 -10
-10 -438
-438 -225
-225 65
65 193
193 285
285 312
312 333
333 329
329 291
291 181
181 -5
-5 -332
-332 -436
-436 -58
-58 429
429 131
131 -343
-343 -439
-439 -379
-379 -319
-319 -316
-316 -365
-365 -438
-438 -225
-225 434
434 -402
-402 318
318 374
374 380
380 -259
-259 -50
-50 -397
-397 -436
-436 382
382 -241
-241 -119
-119 416
416 402
402 340
340 320
320 358
358 421
421 397
397 -37
-37 -438
-438 -234
-234 334
334 390
390 62
62 -201
-201 -300
-300 -313
-313 -330
-330 -326
-326 -300
-300 -243
-243 -145
-145 125
125 393
393 249
249 -364
-364 -37
-37 411
411 -139
-139 -372
-372 -318
-318 57
57 418
418 344
344 217
217 366
366 351
351 -335
-335 -438
-438 325
325 -354
-354 247
247 427
427 -347
-347 311
311 -288
-288 -344
-344 136
136 -145
-145 421
421 430
430 399
399 -344
-344 217
217 -437
-437 193
193 359
359 94
94 -381
-381 57
57 -199
-199 -435
-435 -134
-134 320
320 435
435 47
47 -439
-439 -276
-276 -243
-243 -427
-427 -278
-278 179
179 380
380 307
307 -194
-194 -347
-347 421
421 -10
-10 -438
-438 -225
-225 65
65 193
193 285
285 312
312 333
333 334
334 291
291 181
181 -5
-5 -332
-332 -436
-436 -58
-58 429
429 131
131 -343
-343 -439
-439 -379
-379 -319
-319 -316
-316 -365
-365 -438
-438 -160
-160 434
434 -402
-402 318
318 374
374 380
380 -259
-259 -50
-50 -397
-397 -436
-436 382
382 -241
-241 -119
-119 416
416 402
402 340
340 322
322 358
358 421
421 397
397 -37
-37 -438
-438 -234
-234 334
334 390
390 62
62 -201
-201 -300
-300 -313
-313 -330
-330 -326
-326 -300
-300 -252
-252 -145
-145 125
125 393
393 249
249 -364
-364 -37
-37 411
411 -139
-139 -372
-372 -318
-318 57
57 418
418 344
344 217
217 366
366 295
295 -335
-335 -438
-438 325
325 -354
-354 247
247 427
427 -347
-347 311
311 -288
-288 -344
-344 136
136 -145
-145 421
421 430
430 399
399 -323
-323 217
217 -437
-437 193
193 359
359 94
94 -381
-381 57
57 -199
-199 -435
-435 -134
-134 320
320 435
435 47
47 -439
-439 -276
-276 -254
-254 -427
-427 -278
-278 179
179 380
380 307
307 -194
-194 -347
-347 421
421 -10
-10 -438
-438 -225
-225 65
65 193
193 285
285 312
312 331
331 334
334 291
291 181
181 -5
-5 -332
-332 -436
-436 -58
-58 429
429 131
131 -343
-343 -439
-439 -379
-379 -319
-319 -316
-316 -365
-365 -439
-439 -160
-160 434
434 -402
-402 318
318 374
374 380
380 -259
-259 -50
-50 -397
-397 -436
-436 382
382 -241
-241 -119
-119 416
416 402
402 334
334 322
369 389
389 420
426 410
410 133
133 -302
-302 -399
-399 -116
-116 335
335 403
403 221
221 79
79 -4
-4 -49
-49 -67
-67 11
11 125
125 297
297 428
428 189
189 -375
-375 -211
-211 413
413 125
125 -257
-257 -338
-338 -186
-186 187
187 423
423 388
388 376
376 409
409 1
1 -401
-401 -369
-369 379
379 17
17 217
217 413
413 -244
-244 329
329 -171
-171 -209
-209 324
324 -323
-323 426
426 403
403 418
418 -354
-354 74
74 -318
-318 1
1 252
252 3
3 -395
-395 228
228 -298
-298 -405
-405 419
419 -15
-15 421
421 287
287 -255
-255 -407
-407 -357
-357 -423
-423 -346
-346 -2
-2 301
301 325
325 77
77 -377
-377 -111
-111 427
427 48
48 -392
-392 -375
-375 -229
-229 -49
-49 25
25 59
59 46
46 -67
-67 -232
-232 -393
-393 -425
-425 -119
-119 324
324 361
361 -62
-62 -383
-383 -430
-430 -397
-397 -367
-367 -377
-377 -423
-423 -377
-377 128
128 378
378 -429
-429 361
361 391
391 317
317 -238
-238 3
3 -419
-419 -430
-430 252
252 32
32 -323
-323 287
287 429
429 391
391 369
369 389
389 426
426 410
410 133
133 -302
-302 -399
-399 -116
-116 335
335 403
403 221
221 79
79 -4
-4 -49
-49 -28
-28 11
11 125
125 297
297 428
428 189
189 -375
-375 -211
-211 413
413 125
125 -257
-257 -338
-338 -186
-186 187
187 423
423 388
388 377
377 409
409 1
1 -401
-401 -369
-369 379
379 17
17 217
217 413
413 -244
-244 329
329 -171
-171 -209
-209 324
324 -323
-323 426
426 291
291 418
418 -354
-354 74
74 -318
-318 1
1 252
252 3
3 -395
-395 228
228 -298
-298 -405
-405 419
419 -15
-15 421
421 287
287 -314
-314 -407
-407 -357
-357 -423
-423 -346
-346 -2
-2 301
301 325
325 77
77 -377
-377 -111
-111 427
427 48
48 -392
-392 -375
-375 -229
-229 -62
-62 25
25 59
59 46
46 -67
-67 -232
-232 -393
-393 -425
-425 -119
-119 324
324 361
361 -62
-62 -383
-383 -430
-430 -397
-397 -367
-367 -380
-380 -423
-423 -377
-377 128
128 378
378 -429
-429 361
361 391
391 317
317 -238
-238 3
3 -419
-419 -430
-430 252
252 32
32 -323
-323 304
304 429
429 391
391 369
369 389
389 426
426 410
410 133
133 -302
-302 -399
-399 -116
-116 335
335 403
403 221
221 79
79 -4
-4 -67
-67 -28
-28 11
11 125
125 297
297 428
428 189
189 -375
-375 -211
-211 413
413 125
125 -257
-257 -338
-338 -186
-186 187
187 423
423 373
373 377
419 221
221 -233
-233 -400
-400 -136
-136 -28
-28 318
318 232
232 318
318 -158
-158 350
350 -46
-46 -22
-22 415
415 -412
-412 412
412 238
238 419
419 -379
-379 -51
-51 -126
-126 -202
-202 113
113 -89
-89 -392
-392 344
344 -380
-380 -328
-328 290
290 -376
-376 361
361 347
347 -53
-53 -400
-400 -417
-417 -421
-421 -361
-361 -114
-114 190
190 294
294 192
192 -131
-131 -414
-414 -10
-10 416
416 162
162 -244
-244 -417
-417 -408
-408 -367
-367 -344
-344 -359
-359 -398
-398 -415
-415 -369
-369 -143
-143 257
257 418
418 173
173 -182
-182 -359
-359 -421
-421 -406
-406 -398
-398 -414
-414 -411
-411 -211
-211 336
336 150
150 -345
-345 387
387 403
403 236
236 -228
-228 93
93 -420
-420 -421
-421 110
110 157
157 -410
-410 113
113 392
392 419
419 403
403 403
403 419
419 409
409 257
257 -89
-89 -389
-389 -387
-387 -79
-79 273
273 415
415 403
403 336
336 338
338 362
362 381
381 419
419 368
368 -28
-28 -383
-383 -222
-222 281
281 336
336 -81
-81 -280
-280 -267
-267 -53
-53 261
261 415
415 415
415 419
419 221
221 -233
-233 -400
-400 -136
-136 -28
-28 318
318 232
232 318
318 -158
-158 350
350 -46
-46 -22
-22 415
415 -414
-414 412
412 238
238 419
419 -379
-379 -51
-51 -126
-126 -202
-202 113
113 -89
-89 -392
-392 344
344 -380
-380 -328
-328 290
290 -376
-376 378
378 347
347 -53
-53 -400
-400 -417
-417 -421
-421 -361
-361 -114
-114 190
190 294
294 192
192 -131
-131 -414
-414 -10
-10 416
416 162
162 -256
-256 -417
-417 -408
-408 -367
-367 -344
-344 -359
-359 -398
-398 -415
-415 -369
-369 -143
-143 257
257 418
418 173
173 -182
-182 -359
-359 -421
-421 -406
-406 -398
-398 -414
-414 -411
-411 -211
-211 336
336 150
150 -345
-345 387
387 403
403 236
236 -228
-228 93
93 -420
-420 -421
-421 110
110 52
52 -410
-410 113
113 392
392 419
419 403
403 403
403 419
419 409
409 257
257 -89
-89 -389
-389 -387
-387 -79
-79 273
273 415
415 394
394 336
336 338
338 362
362 381
381 419
419 368
368 -28
-28 -383
-383 -222
-222 281
281 336
336 -81
-81 -280
-280 -267
-267 -53
-53 289
289 415
415 415
415 419
419 221
221 -233
-233 -400
-400 -136
-136 -28
-28 318
318 232
232 318
318 -158
-158 350
350 -46
-46 -22
-22 419
419 -414
-414 412
412 238
238 419
419 -379
-379 -51
-51 -126
-126 -202
-202 113
113 -89
-89 -392
-392 344
344 -380
-380 -328
-328 290
290 -314
-314 378
223 366
366 160
160 -248
-248 -389
-389 -401
-401 -351
-351 -175
-175 83
83 227
227 217
217 31
31 -327
-327 -371
-371 64
64 409
409 271
271 -35
-35 -204
-204 -304
-304 -351
-351 -339
-339 -278
-278 -230
-230 3
3 229
229 410
410 291
291 3
3 -270
-270 -369
-369 -411
-411 -410
-410 -411
-411 -406
-406 -326
-326 11
11 410
410 -92
-92 -228
-228 391
391 407
407 156
156 -219
-219 167
167 -405
-405 -412
-412 66
66 266
266 -380
-380 -126
-126 277
277 394
394 411
411 410
410 411
411 393
393 300
300 41
41 -244
-244 -408
-408 -361
-361 -92
-92 160
160 273
273 361
361 387
387 331
331 293
293 125
125 -138
-138 -408
-408 -252
-252 241
241 406
406 122
122 -154
-154 -246
-246 -173
-173 81
81 303
303 393
393 397
397 315
315 -9
-9 -319
-319 -348
-348 317
317 -387
-387 407
407 284
284 153
153 -94
-94 366
366 74
74 188
188 341
341 -337
-337 390
390 156
156 411
411 -393
-393 -157
-157 81
81 -337
-337 -42
-42 -180
-180 -383
-383 394
394 -412
-412 -289
-289 91
91 -379
-379 223
223 366
366 160
160 -248
-248 -389
-389 -401
-401 -351
-351 -175
-175 83
83 227
227 217
217 31
31 -327
-327 -371
-371 113
113 409
409 271
271 -35
-35 -204
-204 -304
-304 -351
-351 -339
-339 -278
-278 -230
-230 3
3 229
229 410
410 291
291 3
3 -270
-270 -382
-382 -411
-411 -410
-410 -411
-411 -406
-406 -326
-326 11
11 410
410 -92
-92 -228
-228 391
391 407
407 156
156 -219
-219 167
167 -405
-405 -411
-411 66
66 266
266 -380
-380 -126
-126 277
277 394
394 411
411 410
410 411
411 393
393 300
300 41
41 -244
-244 -408
-408 -361
-361 -106
-106 160
160 273
273 361
361 387
387 331
331 293
293 125
125 -138
-138 -408
-408 -252
-252 241
241 406
406 122
122 -154
-154 -246
-246 -154
-154 81
81 303
303 393
393 397
397 315
315 -9
-9 -319
-319 -348
-348 317
317 -387
-387 407
407 284
284 153
153 -94
-94 366
366 49
49 188
188 341
341 -337
-337 390
390 156
156 411
411 -393
-393 -157
-157 81
81 -337
-337 -42
-42 -180
-180 -383
-383 394
394 -412
-412 -322
-322 91
91 -379
-379 223
223 366
366 160
160 -248
-248 -389
-389 -401
-401 -351
-351 -175
-175 83
83 227
227 217
217 31
31 -327
-327 -344
-344 113
113 409
409 271
271 -35
-35 -204
-204 -304
-304 -351
-351 -339
-339 -278
-278 -230
-230 3
3 229
229 410
410 291
291 3
3 -268
-268 -382
-382 -411
-411 -410
-410 -411
-411 -406
-406 -326
-326 11
11 410
410 -92
-92 -228
-228 391
391 407
407 156
156 -219
-219 167
167 -412
-412 -411
-411 66
66 266
266 -380
-380 -126
-126 277
277 394
394 411
411 410
410 411
411 393
393 300
300 41
41 -244
-244 -408
-408 -327
-327 -106
-106 160
160 273
273 361
361 387
387 331
331 293
293 125
125 -138
-138 -408
-408 -252
-252 241
241 406
406 122
122 -154
-154 -244
-244 -154
-154 81
81 303
303 393
393 397
397 315
315 -9
-9 -319
-319 -348
-348 317
317 -387
-387 407
407 284
284 153
153 -94
-94 329
329 49
49 188
188 341
341 -337
-337 390
390 156
156 411
411 -393
-393 -157
-157 81
81 -337
-337 -42
-42 -180
-180 -383
-383 394
394 -401
-401 -322
-322 91
91 -379
-379 223
223 366
366 160
160 -248
-248 -389
-389 -401
-401 -351
-351 -175
-175 83
83 227
227 217
217 31
31 -348
-348 -344
-344 113
113 409
409 271
271 -35
-35 -204
-204 -304
-304 -351
-351 -339
-339 -278
-278 -230
-230 3
3 229
229 410
410 291
291 -27
-27 -268
-268 -382
-382 -411
-411 -410
-410 -411
-411 -406
-406 -326
-326 11
11 410
410 -92
-92 -228
-228 391
391 407
407 156
156 -219
-219 18
18 -412
-412 -411
-411 66
66 266
266 -380
-380 -126
-126 277
277 394
394 411
411 410
410 411
411 393
393 300
300 41
41 -244
-244 -412
-412 -327
-327 -106
-106 160
160 273
273 361
361 387
387 331
331 293
293 125
125 -138
-138 -408
-408 -252
-252 241
241 406
406 122
122 -168
-168 -244
-244 -154
-154 81
81 303
303 393
393 397
397 315
315 -9
-9 -319
-319 -348
-348 317
317 -387
-387 407
407 284
284 153
153 36
36 329
329 49
49 188
188 341
341 -337
-337 390
390 156
156 411
411 -393
-393 -157
-157 81
81 -337
-337 -42
-42 -180
-180 -383
-383 329
329 -401
-401 -322
-322 91
91 -379
-379 223
223 366
366 160
160 -248
-248 -389
-389 -401
-401 -351
-351 -175
-175 83
83 227
227 217
217 -17
-17 -348
-348 -344
-344 113
113 409
409 271
271 -35
-35 -204
-204 -304
-304 -351
-351 -339
-339 -278
-278 -230
-230 3
3 229
229 410
410 247
247 -27
-27 -268
-268 -382
-382 -411
-411 -410
-410 -411
-411 -406
-406 -326
-326 11
11 410
410 -92
-92 -228
-228 391
391 407
407 156
156 -80
-80 18
18 -412
-412 -411
-411 66
66 266
266 -380
-380 -126
-126 277
277 394
394 411
411 410
410 411
411 393
393 300
300 41
41 -252
-252 -412
-323 -400
-400 -364
-364 -219
-219 -119
-119 -36
-36 25
25 -68
-68 -189
-189 -339
-339 -402
-402 -213
-213 175
175 399
399 278
278 -24
-24 -178
-178 -181
-181 -66
-66 134
134 286
286 349
349 312
312 141
141 -165
-165 -332
-332 -191
-191 378
378 -330
-330 386
386 342
342 -243
-243 89
89 361
361 175
175 321
321 184
184 -227
-227 389
389 70
70 402
402 -399
-399 -227
-227 263
263 -401
-401 -178
-178 -262
-262 -322
-322 382
382 -395
-395 -298
-298 -208
-208 -71
-71 -63
-63 326
326 266
266 -21
-21 -283
-283 -346
-346 -317
-317 -202
-202 -9
-9 152
152 190
190 67
67 -181
-181 -397
-397 -281
-281 108
108 364
364 375
375 256
256 143
143 52
52 77
77 91
91 173
173 329
329 401
401 319
319 91
91 -149
-149 -274
-274 -366
-366 -394
-394 -401
-401 -393
-393 -350
-350 -172
-172 224
224 343
343 -283
-283 -100
-100 391
391 401
401 -24
-24 -78
-78 103
103 -392
-392 -402
-402 -58
-58 376
376 -232
-232 -313
-313 108
108 307
307 384
384 397
397 394
394 382
382 305
305 124
124 -97
-97 -323
-323 -400
-400 -364
-364 -219
-219 -119
-119 -36
-36 25
25 -68
-68 -189
-189 -339
-339 -402
-402 -213
-213 175
175 399
399 260
260 -24
-24 -178
-178 -181
-181 -66
-66 134
134 286
286 349
349 312
312 141
141 -165
-165 -332
-332 -191
-191 378
378 -330
-330 386
386 366
366 -243
-243 89
89 361
361 175
175 321
321 184
184 -227
-227 389
389 70
70 402
402 -399
-399 -227
-227 263
263 -401
-401 -178
-178 -281
-281 -322
-322 382
382 -395
-395 -298
-298 -208
-208 -71
-71 -63
-63 326
326 266
266 -21
-21 -283
-283 -346
-346 -317
-317 -202
-202 -9
-9 155
155 190
190 67
67 -181
-181 -397
-397 -281
-281 108
108 364
364 375
375 256
256 143
143 52
52 77
77 91
91 173
173 329
329 401
401 319
319 91
91 -149
-149 -274
-274 -366
-366 -394
-394 -401
-401 -393
-393 -350
-350 -172
-172 224
224 343
343 -283
-283 -100
-100 391
391 398
398 -24
-24 -78
-78 103
103 -392
-392 -402
-402 -58
-58 376
376 -232
-232 -313
-313 108
108 307
307 384
384 397
397 394
394 382
382 300
300 124
124 -97
-97 -323
-323 -400
-400 -364
-364 -219
-219 -119
-119 -36
-36 25
25 -68
-68 -189
-189 -339
-339 -402
-402 -213
-213 175
175 402
402 260
260 -24
-24 -178
-178 -181
-181 -66
-66 134
134 286
286 349
349 312
312 141
141 -165
-165 -332
-332 -191
-191 378
378 -330
-330 365
365 366
392 -323
-323 94
94 379
379 284
284 386
386 -4
-4 -125
-125 386
386 25
25 391
391 -394
-394 -273
-273 353
353 -372
-372 -281
-281 -333
-333 -308
-308 383
383 -338
-338 -303
-303 -344
-344 318
318 -335
-335 211
211 289
289 129
129 -130
-130 -259
-259 -275
-275 -204
-204 -40
-40 85
85 145
145 101
101 -76
-76 -291
-291 -393
-393 -227
-227 30
30 302
302 386
386 390
390 369
369 326
326 361
361 381
381 386
386 307
307 184
184 -40
-40 -204
-204 -280
-280 -348
-348 -371
-371 -369
-369 -339
-339 -230
-230 15
15 360
360 160
160 -377
-377 13
13 388
388 386
386 -104
-104 -74
-74 169
169 -360
-360 -393
-393 -143
-143 391
391 -7
-7 -393
-393 -100
-100 171
171 312
312 358
358 364
364 335
335 300
300 191
191 35
35 -181
-181 -295
-295 -371
-371 -392
-392 -373
-373 -336
-336 -335
-335 -378
-378 -394
-394 -346
-346 -157
-157 165
165 380
380 325
325 124
124 -67
-67 -146
-146 -109
-109 8
8 162
162 260
260 279
279 186
186 -16
-16 -248
-248 -287
-287 113
113 99
99 80
80 332
332 392
392 -323
-323 94
94 379
379 284
284 386
386 -4
-4 -125
-125 386
386 25
25 391
391 -394
-394 -273
-273 353
353 -387
-387 -281
-281 -333
-333 -308
-308 383
383 -338
-338 -303
-303 -344
-344 318
318 -335
-335 211
211 289
289 129
129 -130
-130 -259
-259 -275
-275 -192
-192 -40
-40 85
85 145
145 101
101 -76
-76 -291
-291 -393
-393 -227
-227 30
30 302
302 386
386 390
390 369
369 326
326 361
361 391
391 386
386 307
307 184
184 -40
-40 -204
-204 -280
-280 -348
-348 -371
-371 -369
-369 -339
-339 -230
-230 15
15 360
360 160
160 -377
-377 85
85 388
388 386
386 -104
-104 -74
-74 169
169 -360
-360 -393
-393 -143
-143 391
391 -7
-7 -393
-393 -100
-100 171
171 312
312 358
358 362
362 335
335 300
300 191
191 35
35 -181
-181 -295
-295 -371
-371 -392
-392 -373
-373 -336
-336 -335
-335 -378
-378 -394
-394 -346
-346 -157
-157 203
203 380
380 325
325 124
124 -67
-67 -146
-146 -109
-109 8
8 162
162 260
260 279
279 186
186 -16
-16 -248
-248 -287
-287 113
113 -48
-48 80
80 332
332 392
392 -323
-323 94
94 379
379 284
284 386
386 -4
-4 -125
-125 386
386 25
25 391
391 -394
-394 -273
-273 280
280 -387
-387 -281
-281 -333
-333 -308
-308 383
383 -338
-338 -303
-303 -344
-344 318
318 -335
-335 211
211 289
289 129
129 -130
-130 -259
-259 -268
-268 -192
-167 -72
-72 22
22 90
90 83
83 -18
-18 -190
-190 -352
-352 -369
-369 -246
-246 8
8 174
174 306
306 355
355 366
366 350
350 312
312 270
270 148
148 20
20 -122
-122 -194
-194 -274
-274 -323
-323 -331
-331 -307
-307 -242
-242 -84
-84 193
193 381
381 -30
-30 -361
-361 157
157 378
378 357
357 -167
-167 -25
-25 232
232 -309
-309 -381
-381 -204
-204 341
341 185
185 -342
-342 -264
-264 34
34 209
209 302
302 319
319 308
308 287
287 221
221 108
108 -44
-44 -200
-200 -235
-235 -309
-309 -349
-349 -359
-359 -370
-370 -329
-329 -235
-235 -70
-70 182
182 362
362 372
372 226
226 55
55 -65
-65 -100
-100 -47
-47 59
59 157
157 207
207 178
178 55
55 -125
-125 -253
-253 -156
-156 380
380 -338
-338 281
281 322
322 375
375 -359
-359 108
108 384
384 344
344 376
376 -177
-177 -11
-11 383
383 -54
-54 370
370 -380
-380 -242
-242 365
365 -307
-307 -360
-360 -370
-370 -279
-279 355
355 -240
-240 -328
-328 -385
-385 346
346 -354
-354 3
3 250
250 195
195 17
17 -160
-160 -204
-204 -167
-167 -72
-72 22
22 90
90 83
83 -18
-18 -190
-190 -352
-352 -369
-369 -246
-246 8
8 174
174 306
306 355
355 370
370 350
350 312
312 270
270 148
148 20
20 -122
-122 -194
-194 -274
-274 -323
-323 -331
-331 -307
-307 -242
-242 -84
-84 193
193 381
381 -109
-109 -361
-361 157
157 378
378 357
357 -167
-167 -25
-25 232
232 -309
-309 -381
-381 -204
-204 341
341 185
185 -342
-342 -264
-264 34
34 224
224 302
302 319
319 308
308 287
287 221
221 108
108 -44
-44 -200
-200 -235
-235 -309
-309 -349
-349 -359
-359 -370
-370 -329
-329 -235
-235 -37
-37 182
182 362
362 372
372 226
226 55
55 -65
-65 -100
-100 -47
-47 59
59 157
157 207
207 178
178 55
55 -125
-125 -253
-253 -134
-134 380
380 -338
-338 281
281 322
322 375
375 -359
-359 108
108 384
384 344
344 376
376 -177
-177 -11
-11 383
383 -54
-54 370
370 -386
-386 -242
-242 365
365 -307
-307 -360
-360 -370
-370 -279
-279 355
355 -240
-240 -328
-328 -385
-385 346
346 -354
-354 3
3 250
250 195
195 -2
-2 -160
-160 -204
-204 -167
-167 -72
-72 22
22 90
90 83
83 -18
-18 -190
-190 -352
-352 -369
-369 -246
-246 8
8 174
174 306
306 347
347 370
370 350
350 312
312 270
270 148
148 20
20 -122
-122 -194
-194 -274
-274 -323
-323 -331
-331 -307
-307 -242
-242 -84
-84 193
193 368
368 -109
-109 -361
-361 157
157 378
378 357
357 -167
-167 -25
-25 232
232 -309
-309 -381
-381 -204
-204 341
341 185
185 -342
-342 -264
-264 53
53 224
224 302
302 319
319 308
308 287
287 221
221 108
108 -44
-44 -200
-200 -235
-235 -309
-309 -349
-349 -359
-359 -370
-370 -329
-329 -242
-242 -37
-37 182
182 362
362 372
372 226
226 55
55 -65
-65 -100
-100 -47
-47 59
59 157
157 207
207 178
178 55
55 -125
-125 -255
-255 -134
-134 380
380 -338
-338 281
281 322
322 375
375 -359
-359 108
108 384
384 344
344 376
376 -177
-177 -11
-11 383
383 -54
-54 376
376 -386
-386 -242
-242 365
365 -307
-307 -360
-360 -370
-370 -279
-279 355
355 -240
-240 -328
-328 -385
-385 346
346 -354
-354 3
3 250
250 176
176 -2
-2 -160
-160 -204
-204 -167
-167 -72
-72 22
22 90
90 83
83 -18
-18 -190
-190 -352
-352 -369
-369 -246
-246 8
8 174
174 300
300 347
347 370
370 350
350 312
312 270
270 148
148 20
20 -122
-122 -194
-194 -274
-274 -323
-323 -331
-331 -307
-307 -242
-242 -84
-84 228
228 368
368 -32
-32 -361
-361 157
157 378
378 357
357 -167
-167 -25
-25 232
232 -309
-309 -381
-381 -204
-204 341
341 185
185 -342
-342 -237
-237 53
53 224
224 302
302 319
319 308
308 287
287 221
221 108
108 -44
-44 -200
-200 -235
-235 -309
-309 -349
-349 -359
-359 -370
-370 -322
-322 -242
-242 -37
-37 182
182 362
362 372
372 226
226 55
55 -65
-65 -100
-100 -47
-47 59
59 157
157 207
207 178
178 55
55 -154
-154 -255
-255 -134
-134 380
380 -338
-338 281
281 322
322 375
375 -359
-359 108
108 384
384 344
344 376
376 -177
-177 -11
-11 383
383 -200
-200 376
376 -386
-386 -242
-242 365
365 -307
-307 -360
-360 -370
-370 -279
-279 355
355 -240
-240 -328
-328 -385
-385 346
346 -354
-354 3
3 252
252 176
176 -2
-2 -160
-160 -204
-204 -167
-167 -72
-72 22
22 90
90 83
83 -18
-18 -190
-190 -352
-352 -369
-369 -246
-246 8
8 213
213 300
300 347
347 370
370 350
350 312
312 270
270 148
148 20
20 -122
-122 -194
-194 -274
-274 -323
-323 -331
-331 -307
-307 -242
-242 -65
-65 228
228 368
368 -32
-32 -361
-361 157
157 378
378 357
357 -167
-167 -25
-25 232
232 -309
-309 -381
-381 -204
-204 341
341 185
185 -369
-369 -237
-237 53
53 224
224 302
302 319
319 308
308 287
287 221
221 108
108 -44
-44 -200
-200 -235
-235 -309
-309 -349
-349 -359
-359 -353
-353 -322
-109 31
31 220
220 336
336 377
377 306
306 153
153 26
26 -41
-41 -48
-48 1
1 72
72 130
130 136
136 90
90 -62
-62 -184
-184 -197
-197 141
141 267
267 -355
-355 361
361 330
330 274
274 -373
-373 101
101 372
372 375
375 303
303 -295
-295 72
72 377
377 -228
-228 372
372 -371
-371 -272
-272 376
376 -184
-184 -378
-378 -378
-378 -251
-251 326
326 -129
-129 -355
-355 -373
-373 125
125 -66
-66 -201
-201 170
170 200
200 88
88 -66
-66 -133
-133 -137
-137 -80
-80 -16
-16 38
38 49
49 -13
-13 -131
-131 -279
-279 -372
-372 -345
-345 -207
-207 -64
-64 65
65 153
153 208
208 200
200 153
153 119
119 24
24 -66
-66 -173
-173 -200
-200 -257
-257 -281
-281 -272
-272 -226
-226 -102
-102 108
108 344
344 249
249 -215
-215 -293
-293 206
206 365
365 310
310 -219
-219 -25
-25 250
250 -262
-262 -367
-367 -246
-246 252
252 280
280 -263
-263 -345
-345 -111
-111 92
92 206
206 262
262 266
266 256
256 210
210 153
153 61
61 -50
-50 -77
-77 -159
-159 -177
-177 -193
-193 -137
-137 -109
-109 31
31 220
220 336
336 377
377 306
306 153
153 26
26 -41
-41 -48
-48 1
1 72
72 130
130 136
136 67
67 -62
-62 -184
-184 -197
-197 141
141 267
267 -355
-355 361
361 330
330 274
274 -373
-373 101
101 372
372 375
375 303
303 -295
-295 147
147 377
377 -228
-228 372
372 -371
-371 -272
-272 376
376 -184
-184 -378
-378 -378
-378 -251
-251 326
326 -129
-129 -355
-355 -373
-373 125
125 -173
-173 -201
-201 170
170 200
200 88
88 -66
-66 -133
-133 -137
-137 -80
-80 -16
-16 38
38 49
49 -13
-13 -131
-131 -279
-279 -372
-372 -352
-352 -207
-207 -64
-64 65
65 153
153 208
208 200
200 153
153 119
119 24
24 -66
-66 -173
-173 -200
-200 -257
-257 -281
-281 -272
-272 -219
-219 -102
-102 108
108 344
344 249
249 -215
-215 -293
-293 206
206 365
365 310
310 -219
-219 -25
-25 250
250 -262
-262 -367
-367 -246
-246 302
302 280
280 -263
-263 -345
-345 -111
-111 92
92 206
206 262
262 266
266 256
256 210
210 153
153 61
61 -50
-50 -77
-77 -159
-159 -186
-186 -193
-193 -137
-137 -109
-109 31
31 220
220 336
336 377
377 306
306 153
153 26
26 -41
-41 -48
-48 1
1 72
72 130
130 143
143 67
67 -62
-62 -184
-184 -197
-197 141
141 267
267 -355
-355 361
361 330
330 274
274 -373
-373 101
101 372
372 375
375 303
303 -343
-343 147
190 364
364 -269
-269 368
368 -348
-348 -294
-294 344
344 -17
-17 -349
-349 -360
-360 -207
-207 288
288 -8
-8 -368
-368 -354
-354 -47
-47 171
171 -361
-361 3
3 160
160 125
125 23
23 -69
-69 -102
-102 -82
-82 -49
-49 -4
-4 12
12 -22
-22 -111
-111 -218
-218 -336
-336 -370
-370 -318
-318 -235
-235 -134
-134 -51
-51 14
14 26
26 10
10 -15
-15 -67
-67 -124
-124 -151
-151 -199
-199 -219
-219 -221
-221 -184
-184 -98
-98 37
37 255
255 368
368 77
77 -319
-319 -195
-195 233
233 346
346 266
266 -244
-244 -24
-24 287
287 -188
-188 -347
-347 -232
-232 200
200 348
348 -87
-87 -368
-368 -251
-251 -67
-67 88
88 172
172 203
203 227
227 206
206 166
166 101
101 46
46 -24
-24 -22
-22 -38
-38 -27
-27 39
39 95
95 211
211 320
320 367
367 344
344 245
245 131
131 35
35 -8
-8 -6
-6 28
28 77
77 99
99 70
70 -6
-6 -106
-106 -167
-167 -62
-62 333
333 -29
-29 -160
-160 369
369 346
346 171
171 -370
-370 73
73 344
344 356
356 114
114 -370
-370 190
190 364
364 -269
-269 368
368 -348
-348 -294
-294 344
344 -17
-17 -349
-349 -360
-360 -207
-207 288
288 -8
-8 -368
-368 -362
-362 -47
-47 171
171 -361
-361 3
3 160
160 125
125 23
23 -69
-69 -102
-102 -82
-82 -49
-49 -4
-4 12
12 -22
-22 -111
-111 -235
-235 -336
-336 -370
-370 -318
-318 -235
-235 -134
-134 -51
-51 14
14 26
26 10
10 -15
-15 -67
-67 -124
-124 -151
-151 -199
-199 -219
-219 -227
-227 -184
-184 -98
-98 37
37 255
255 368
368 77
77 -319
-319 -195
-195 233
233 346
346 266
266 -244
-244 -24
-24 287
287 -188
-188 -347
-347 -232
-232 200
200 348
348 -87
-87 -368
-368 -251
-251 -67
-67 88
88 172
172 203
203 227
227 206
206 166
166 101
101 46
46 -15
-15 -22
-22 -38
-38 -27
-27 39
39 95
95 211
211 320
320 367
367 344
344 245
245 131
131 35
35 -8
-8 -6
-6 28
28 79
79 99
99 70
70 -6
-6 -106
-106 -167
-167 -62
-62 333
333 -29
-29 -160
-160 369
369 346
346 171
171 -370
-370 73
73 344
344 354
354 114
114 -370
-370 190
190 364
364 -269
-269 368
368 -348
-348 -294
-294 344
344 -17
-17 -349
-349 -360
-360 -207
-207 288
288 -8
-8 -363
-363 -362
-362 -47
-47 171
171 -361
-361 3
3 160
160 125
125 23
23 -69
-69 -102
-102 -82
-82 -49
-49 -4
-4 12
12 -22
-22 -122
-122 -235
-210 -300
-300 -352
-352 -356
-356 -315
-315 -244
-244 -168
-168 -119
-119 -100
-100 -96
-96 -94
-94 -121
-121 -140
-140 -156
-156 -176
-176 -168
-168 -150
-150 -87
-87 12
12 183
183 338
338 299
299 -98
-98 -361
-361 -100
-100 246
246 323
323 201
201 -281
-281 -24
-24 316
316 -172
-172 -325
-325 -246
-246 103
103 360
360 80
80 -299
-299 -343
-343 -200
-200 -37
-37 75
75 135
135 157
157 175
175 167
167 129
129 103
103 65
65 84
84 88
88 116
116 179
179 223
223 295
295 353
353 356
356 307
307 219
219 124
124 60
