0 0
0 0
0 0
22432 2608
22432 17242
23772 10438
25058 19818
11674 11724
12886 10670
-8016 -8016
-8016 -7966
-7058 -1768
-6252 7132
-6252 -960
-5604 -314
8210 -5174
8210 3020
8412 -4922
8438 -4946
8438 344
8252 8300
7864 7864
-5520 -5468
-6104 -814
6514 6514
-6870 -1580
5608 -2486
2782 21336
26576 13240
12100 20296
24230 16134
23032 17792
9648 -712
-214 -5404
-14824 -1440
-1440 -1388
-15148 -15842
-3028 -3028
-3028 -16074
-17168 -11996
-17966 -4868
-17966 -12788
-18734 -13562
-19236 -11264
-19236 -11216
-6514 -14436
-6720 -6720
-6720 -14644
-6716 -11794
-19614 -14488
-19614 -6468
-6136 -19188
-5618 -10744
-5618 -18666
-17978 -17932
-17144 -9124
-3062 -3062
-16160 -3014
-1964 -7040
-13824 -8698
-726 -13778
-12632 -4612
13072 23260
23260 18182
11434 19452
25724 25724
12626 12676
26960 8846
6490 -1482
6490 -6560
7502 -5548
-4736 8362
8362 3278
-4082 -4032
-3488 9610
-3488 -3442
9988 -3064
10202 2230
10202 10248
10248 10296
-2994 2180
-3314 1812
-3314 9834
9274 -3782
-4402 3570
8696 -4358
6204 16444
15408 23380
15408 28552
14432 27576
26472 13374
26472 11196
4032 -9018
2860 -2266
-10238 -5064
1682 -6250
714 -12384
714 764
-2194 8036
20186 15060
8352 12034
20090 7316
19260 6444
6444 1532
-15378 -10318
-16050 -10990
-16610 -8810
-3794 -8764
-4232 -11988
-17308 -17308
-17308 -9470
-4602 -17372
-4556 -4556
-17372 -4510
-4362 -9340
-4080 -9096
-16896 -4040
-3648 -3600
-15800 -15800
-15800 -7960
-2316 -7292
-3278 14492
6692 11758
7762 7802
8692 13708
8692 13750
22544 12616
2552 -10264
-10264 -5206
3644 3688
-8024 -192
5626 610
3502 5636
4576 -3014
5682 5682
-6862 5724
6708 -892
7502 -132
7502 2638
-4046 896
9154 9154
9154 1564
9934 2336
10490 10490
-2054 10534
-1502 6168
-1138 3772
11406 11442
-882 -834
11854 4220
-690 4256
-674 6996
-762 4148
-762 6908
11598 11634
11306 6396
11306 -1202
21796 26682
18472 23418
30468 30468
17924 22870
29832 7572
-4102 -4102
8442 3572
-2830 -36
8730 3924
8730 3960
-4258 8046
7416 7416
-4860 7452
-5646 -5606
5724 918
5724 -6524
-7208 302
-8132 -8132
4144 -8092
-9048 -1554
-9606 -4800
2670 -9562
1724 -3058
-438 16580
21386 13960
8274 8302
20050 12620
19418 19418
19418 -2378
-1144 -1116
-1492 -13768
-1492 -6254
-1904 -1876
-14380 -9574
-14380 -2076
-14512 -7014
-14584 -9778
-2308 -14540
-14580 -2276
-14492 -2216
-14492 2558
5854 5882
6078 6078
6078 6110
18686 18714
19018 6742
6742 2032
-696 -12944
-228 -7698
-12504 -5002
340 -7102
-11372 -6534
-10700 -5894
1576 -3198
2292 -5150
2956 2956
2956 2988
-8538 3770
4538 -268
-7738 4570
5346 5362
-6500 5776
-6500 5808
-5688 16168
15286 27562
27562 27594
16072 23574
16830 16830
16830 16846
29490 12504
-2254 2552
7164 -2194
7936 3252
8338 8338
-3672 8370
-2938 -2922
9444 4776
10116 5416
10116 2838
10744 10760
11056 6356
-954 3782
11656 6972
-86 7224
11924 11956
12356 362
12568 558
12568 5278
774 12816
13080 8380
1070 5786
13192 5918
13384 6074
13384 13400
1410 13436
13456 1446
13456 6182
1442 13468
13408 1398
13408 18066
21082 21118
32767 32767
32748 20738
32748 25458
32568 15932
12648 5338
638 658
12416 5138
11984 11984
11984 -6
-330 6996
-598 -598
11412 6732
11052 11068
10752 10752
10752 10772
-1642 5684
-1974 5336
-1974 -1954
9618 9634
-2752 4558
9258 9278
-3194 10864
16180 20880
16180 28210
27728 27744
15334 15334
15334 22664
14862 12846
6740 6760
6266 -5744
-5744 6286
5792 -1502
-6602 5408
5408 2760
15634 12498
26930 26930
26930 19792
14802 19400
26508 14756
14756 5636
6726 2144
6348 1750
-5404 -5384
-5870 -5870
-5912 5840
5840 1262
-6372 -6356
-6744 5008
5008 -2126
4560 4560
-7232 4520
4520 -7216
-7594 4178
3732 -3422
3692 -906
3692 -886
3276 684
22198 17600
22198 15044
22168 22184
10102 14700
10102 21854
10066 946
2136 -2462
-9616 -2442
-9948 -9948
-9988 1764
-9988 -2818
-10236 -3082
-10268 -10268
-10268 -10248
-10556 1196
-10588 -10588
-10588 -5970
900 -3698
868 -10884
-10884 -6286
852 -6282
-11128 624
588 -11164
-11164 -6550
432 -6722
416 -6738
416 -4182
-11356 -11336
220 -11532
220 -11532
-11548 -6950
184 -11568
-11568 204
-11692 -7094
-11712 -11712
40 4582
7606 14780
7494 12092
19246 7494
7494 7494
7474 12072
20186 9982
1252 1268
1040 -10462
-10462 1040
1008 -10494
-10510 -10510
-10542 -6040
960 -6040
944 -6056
912 -6088
-10590 -3590
-10606 -6084
672 672
672 672
656 -6344
-10866 -10866
-10866 -10866
620 5066
7988 19490
7988 12490
7972 19474
7952 19454
7952 7952
7936 5988
3432 5380
12380 12380
858 5360
12344 12344
12344 5344
12328 -8122
-18092 -11092
-6610 -13610
-4554 -6714
-4578 -4578
-15868 -15868
-15868 -11478
-4398 -15652
-15684 -15684
-4430 -8836
-15720 -11314
-4498 -11346
-4498 -8904
-15788 -15788
-15824 -8976
-4570 -15824
-15848 -15868
-4316 -15570
-4316 -8722
5396 7304
14120 14120
14120 9714
2830 7220
3046 14300
14300 -1304
-4234 -15488
-15520 -11114
-4266 -11134
-3974 -3974
-4004 -4004
-4044 -15298
-4044 -8470
-3742 -8148
-3780 -8186
-3780 -8186
-930 -15078
-658 -4966
-658 -11670
-11710 -718
-11360 -7052
-348 -7052
-11400 -388
-430 -4738
-11442 -446
-158 -158
-198 -11210
-11210 -11230
152 152
112 112
-10900 -10916
-10628 -10628
-10670 -3966
-10670 -6382
692 -3632
10496 8050
19022 12318
8010 19006
8276 14980
19248 14940
8236 6354
1480 -5240
-9268 -4960
-9268 -2564
1702 -2626
-8982 2030
2030 -8998
-8732 2280
-8770 -8770
-8770 2226
2490 2470
-8216 2796
-8216 -8232
3024 -3680
-8018 -1314
2994 2978
3216 -3504
-7578 -7578
-7578 -7598
2232 15106
10762 15054
21986 17678
21986 21970
11170 2584
4306 4306
-6706 4290
-6530 -2238
4650 342
4650 -2070
4798 474
14484 12038
12038 23030
23218 23202
23346 12334
23346 16626
12434 10556
5442 -5570
5442 -1278
-5482 -5498
-5414 1290
5740 1278
5688 -888
5620 -940
-5158 5604
-5226 5536
5448 -1128
-5430 -5430
5348 -1228
-5530 1014
-5662 -5662
5116 866
4828 -1748
-6106 4672
-6106 -1904
13838 22206
22046 15486
22046 17812
11068 15258
21478 14918
10700 8860
-7218 -3016
-7442 3336
3336 3304
-7950 2812
2586 -3974
2586 2570
-8442 -8470
1844 -8934
-8934 -2390
-9200 -9228
-9710 -5508
780 780
-9998 -5796
496 -6092
-44 -44
-10822 -10838
-340 -372
-11752 -5192
-974 -5204
-1188 -5438
-12604 -8386
-12604 -12632
-13154 -13170
-2670 -6888
-13448 -6916
-13986 -13998
-3412 -3412
-14190 -7662
-14792 -8260
-5962 13200
13200 13188
2226 12976
12532 12532
12532 1726
12078 -7116
-16912 -16912
-6134 -12718
-17240 -6478
-6666 -6694
-7014 -17792
-17792 -11260
-7338 -7366
-18396 -14178
-7618 -18420
-18680 -14468
-8178 -8178
-8178 -14624
-8174 -18744
-18692 -12274
-18692 -18720
-8070 -18640
-18524 -7978
-7978 -14424
1304 -1064
9658 3240
-888 9634
-712 3388
10086 10086
-460 1860
-17552 -13448
-6750 -17296
-17296 -10918
-6258 -6282
-16488 -5966
-5616 -9744
-16162 -12058
-15814 -11722
-15250 -8832
-15250 -15274
-14866 3858
2856 9274
13402 2820
3476 7580
3882 10300
3882 7974
15062 6836
-12404 -8276
-1858 -1894
-1228 -7666
-11446 -5028
-11446 -11482
-10834 -10870
-10250 -3832
-10250 -10270
590 -9992
1130 -5288
1130 -9448
1568 -4872
1846 -2316
2248 2248
2248 2216
2596 -3854
-7662 -1244
-7662 4636
20460 9882
20668 10122
20668 14218
20804 14354
10362 16780
10362 6258
-6932 -2836
3598 3598
-6948 -6978
-7010 -7040
-7108 -2980
-7108 3408
3288 -7298
-7546 3000
2210 -1104
1844 -8506
1480 -2560
-8842 -8880
920 -3148
-9832 452
-10470 -6430
-148 -10498
-10956 -10992
-1284 -5324
-11606 -11632
-12082 -1796
-12764 -12764
-2442 -2478
-3134 -13492
-14150 -14150
-14150 -3854
-4314 -10630
-15272 -4950
-15272 -11266
-15900 -3868
464 6746
464 6714
-76 -110
9706 9706
9706 9666
-1220 -5238
-8286 -14568
-8286 -12358
-8682 -19044
-19444 -19474
-19702 -13420
-19660 -9430
-19790 -9726
-9790 -13744
-19890 -13782
-9812 -13794
-19892 -19892
-9792 -19928
-9696 -15878
-19640 -15686
-19640 -13528
-9330 -13318
-19172 -9072
-9072 -7396
-2260 1660
8198 2052
-1902 8160
-1444 -1478
-1008 5138
-1008 1198
-17070 -17100
-16622 -10476
-6522 -10514
-16020 -16056
-5334 -11480
-5334 -3654
1660 5578
2266 8376
12974 12974
12974 6788
13644 -390
-2444 -6398
-12544 -6432
-11026 -11964
-10510 -4496
-10510 -4532
-10062 -4084
-9666 -5798
216 -9700
554 -9364
-9032 -9032
-9032 -9066
-8806 -4974
-8614 -4746
-8614 1234
1394 -2510
-8428 1454
1454 -2450
1450 9102
17624 13756
17624 11572
7608 13588
17312 11262
17048 11034
17048 5458
-9386 -5554
-9754 -9754
-9754 92
-10186 -4210
-808 -808
-10690 -6858
-1328 -7376
-11740 -5726
-1858 -7910
-2482 -12400
-3106 -6974
-3106 -7008
-13592 -13630
-14284 -14284
-4402 -4438
-5068 -8974
-5772 -9640
-15654 -11822
-6428 -10330
-7034 -16916
-7034 -7074
-17616 -11636
-18180 -8336
-18774 -8892
-18774 -8928
-9420 -9456
-19778 -13764
-9896 -9934
-10350 -8714
5510 -504
5510 1606
-4684 5160
4916 4916
4916 -1134
4720 -6872
-21536 -11654
-21536 -17704
-11706 -15612
-21578 -11696
-21578 -21614
-11620 -17670
-21366 -17498
-11178 -15274
-10966 -20672
-10698 -20368
-20368 -20406
-10348 -14168
-9972 -13792
-9550 -19220
-19220 -13370
-18752 -12902
-8586 -14472
-18256 -10770
-1840 4010
8384 8384
-1286 -1322
8950 8914
9526 9526
9526 -7704
-1128 12244
6970 10754
6970 6934
17206 11284
17750 17750
8080 4306
2384 2348
-6786 -6786
-6786 -936
-6322 -2574
3760 -24
3760 -2162
-5530 4102
4478 4442
-4920 4750
-4920 -1172
-4708 4926
-4560 1326
-4560 1290
-4472 -724
-4444 -4444
-4444 5190
-4496 5138
3774 20966
11296 11260
11136 14884
20574 10904
10904 10868
10620 3062
4042 -5628
4042 -5664
3646 -174
3198 -6472
-6472 3164
-6934 2698
2164 -7506
-7506 2130
1628 -8080
1000 -4886
1000 -8704
414 -9292
-9894 -6148
-10582 -10582
-912 -946
-11194 -1560
-2174 -2174
-2174 -8094
-2304 -12336
-2892 -8652
-2892 -12392
-3498 -9292
-13510 -7750
-13510 -7784
-14034 -8308
-5068 -8772
-14532 -5104
-15024 -11354
-15438 -5974
-5974 -9712
-7626 5460
8856 5152
-608 8824
-864 8564
-1104 4656
-1104 -4796
-16846 -7416
-16956 -13286
-7558 -11262
-7558 -13350
-7574 -13370
-16982 -13278
-7518 -13310
-16894 -11168
-7272 -13032
-7272 -13066
-16530 -16564
-16280 -12576
-6816 -6850
-15986 -16022
-6150 -11910
-15614 -11942
-15256 -15286
-6702 6420
660 4326
1164 10596
11076 7372
1612 11042
11576 4186
-13028 -13028
-13028 -13064
-3008 -12506
-11940 -6210
-2010 -7770
-11474 -7806
-2716 8320
14564 14564
14564 8768
5642 5610
15564 6100
6100 8170
-9024 408
854 854
-8610 -2882
1242 -4552
1610 1610
-7854 -7886
1922 -3866
-7302 -3598
2162 2128
-7052 -7086
-6846 -1086
2140 -3076
2336 2310
2478 -6782
-6782 2442
-6618 -1010
2734 -2932
1538 18000
18000 14340
18008 8718
17962 14338
8702 12296
17888 5020
2550 2550
2550 2520
-6888 2340
-7108 2152
2152 -1494
1994 -7298
1698 -1926
-7562 1666
1366 -2290
994 -2630
-8266 -8290
702 -4966
274 274
-8986 -5388
-9352 -9386
-602 -602
-602 -626
-966 -10260
-1520 -10806
-1944 -7580
-9882 -7500
-1218 -4798
-10826 -5310
-10826 -5336
-2186 -7728
-2612 -8128
-2612 -6184
-12106 -8586
-12540 -8994
-12540 -12568
3900 10922
1454 5000
1454 1426
994 968
9642 6096
9642 -980
-5696 -5724
-6122 -9668
-6122 -9696
-6540 -6568
-15990 -10474
-6928 -10494
-7188 -12732
-7544 -16606
-16606 -7574
-16964 -16982
-17154 -11668
-8402 -11948
-8402 -11978
-8676 -17758
-8828 -12374
-8828 -12404
-17120 -14472
-754 748
6144 2642
-2970 2406
-3110 2286
5758 2256
-3308 -4830
-9120 -14516
-9120 -18008
-9208 -12710
-18178 -12782
-9310 -18200
-18232 -12856
-18264 -9396
-18264 -9418
-9406 -9436
-9392 -12864
-9392 -12886
-9354 -11344
5270 -3620
5348 1876
-3520 -70
5434 5412
-3320 2076
5548 -4844
-17774 -17794
-17630 -17630
-17630 -12256
-8604 -12098
-17294 -8426
-17294 -17318
-17076 -13624
-16888 -8020
-8020 -8044
-16638 -7794
-16374 -7506
-7506 -16394
-16146 -10774
-6994 -10466
-15862 -12402
-6854 -12274
-6552 -11948
-6552 -5070
-586 8258
8606 3186
8938 70
70 5454
220 2166
-5152 -5152
-5152 -5176
-4812 -10220
-4658 -10054
-13526 -13550
-13184 -9724
-4162 -7634
-4162 -13054
-3824 -3848
-3486 -12354
-3486 -8894
-12204 -8756
-3012 -6484
-11880 -8420
-2864 -2888
-11414 -11414
-3998 -5822
-12526 -12538
-12378 -7098
-12378 -3726
-12050 -12062
-3230 -8534
-11590 -11590
-11590 -11602
-11452 -8068
-11312 -6032
-2636 -7940
-2334 -11022
-2198 -5594
-2198 -744
12242 3542
3846 12522
12522 9114
3962 3950
12756 9360
4080 714
-10068 -4800
-1282 -4678
-1282 -1310
-1010 -4418
-9592 -916
-916 -928
-9496 -4228
-730 -6010
-9406 -746
-610 -622
-526 -3934
-454 -3850
-9130 -5746
-9058 -9074
-8962 -5566
-8962 -8974
-8898 6516
5422 14098
5422 8806
14150 14134
5550 5550
14226 14214
14258 7496
34 -8642
-8642 -5262
74 -3334
-8574 -3294
102 90
122 6856
5734 11014
14410 14398
14426 14414
14430 9150
14430 5754
14430 4268
-8514 -3234
-8514 -3246
150 -3262
-8542 134
-8542 -8542
-8542 -5158
-8566 -5182
98 -8578
-8578 -8594
-18 198
-18 -8512
-18 -5200
-2 -14
-8480 -8480
-8480 -3310
-8492 -8508
-8468 26
26 3296
5492 10662
13986 5492
5492 13970
5492 5492
13970 5476
13970 -1142
14 -5168
2 -3322
-8492 -5168
2 -14
-8508 -5184
-8508 -14
-8508 -26
-8536 -42
-42 -5212
-8536 -3382
-8564 -8564
-8564 -5240
-70 -70
-70 -82
-94 -94
-94 -8588
-94 -8604
-8632 -5308
-138 -138
-138 -5308
-8620 -126
-126 -138
-8660 -166
-166 -5336
-8660 -166
-150 -166
-210 -3534
-210 -5380
-8704 -2098
13766 13754
5216 5216
5216 13710
13726 13726
5232 13726
5232 7120
-222 -234
-274 -5444
-274 -5444
-262 -3586
-8756 -5432
-262 -8756
-246 -246
-8740 -3570
-246 -5416
-8728 -8728
-8728 -234
-234 -5420
-8796 -5472
-8784 -290
-162 -3394
-162 -3414
-8472 -5220
-8472 6300
5172 5172
13482 8424
13482 10230
13482 13482
5160 1950
1920 5130
8382 72
72 8382
8366 5114
56 5114
8366 -3154
-13600 -5290
-5290 -5290
-5302 -10360
-5302 -5302
-13612 -5302
-13628 -5306
-5346 -8598
-13656 -8598
-13656 -8598
-13668 -13668
-13668 -5358
-13680 -8622
-5370 -8622
-13680 -5370
-13696 -13696
-13696 -5370
-13772 -8714
-6104 -8502
-7216 2290
-912 7220
-912 2270
7198 4028
-1056 -1056
-1056 -7380
-6310 -9492
-6330 -6330
-6330 -6318
-6456 -9638
-6486 -6486
-6486 -9668
-14636 -9670
-14814 -14814
-6682 -9864
-6710 -14842
-6728 -9910
-14860 -11666
-15012 -6880
-15038 -10088
-6906 -11844
-7064 -12014
-7088 -12038
-7088 -10270
-7112 -7096
-15458 -12276
-7348 -12298
-7348 -15468
-15652 -7520
-7546 -12496
-15678 -10716
-9034 -10700
-17020 -13904
-17020 -17008
-17214 -12360
-10522 -1216
3626 510
3596 496
3344 -1498
3344 3344
-4644 -7706
-17920 -9962
-17920 -9950
-10158 -15000
-10188 -10188
-18146 -13292
-10384 -10372
-18536 -13694
-10578 -15420
-18564 -13710
-10798 -13902
-18946 -10988
-10988 -18930
-19184 -11226
-19210 -19210
-11252 -19198
-19392 -11422
-11616 -14732
-19574 -11604
-12858 -6668
-6698 -3582
-6698 1272
1088 1100
-7036 -2194
922 -8372
-20278 -20266
-20430 -20430
-12472 -20418
-12624 -12612
-20726 -15884
-12768 -20714
-6020 -7776
-7918 -3076
-7918 -3064
-8044 -4916
-8164 -11226
-21360 -18244
-13402 -21348
-13508 -16612
-13596 -18438
-13596 -18426
-13688 -16792
-13772 -18614
-13772 -21718
-13844 -13832
-13916 -18758
-13916 -18746
-21926 -21914
-21974 -21974
-21974 -14004
-14056 -21990
-22066 -17224
-22066 -14096
-14124 -18954
-15192 -5886
-922 -4092
-874 -8648
-814 -3862
-8600 -8576
-670 -6716
-21160 -16414
-21092 -16354
-21092 -13282
-20900 -17840
-12990 -17728
-20776 -16028
-20670 -20648
-20442 -20442
-20442 -20430
-12506 -17224
-12270 -20056
-12270 -15306
-19894 -16836
-19756 -15018
-19756 -14996
-19456 -16398
-11520 -19306
-19306 -19284
-11200 -11188
-18790 -15742
-18790 -18770
-18484 -10676
-10350 -18136
-10350 -15078
-17958 -13200
-9842 -14568
-17416 -9630
-17416 -17396
-17078 -9272
-9996 -3938
3848 3860
4064 1036
4404 -3382
4404 4424
4744 -1294
-7718 -12456
-7718 -15484
-7388 -12116
-14994 -7208
-7208 -10236
-6884 -14650
-14356 -14356
-14356 -11288
-14046 -6240
-13750 -10702
-5964 -13730
-5684 -5666
-13220 -13220
-5434 -5414
-12960 -12940
-12720 -9672
-12720 -12702
-12506 -7748
-5560 516
8464 3726
8464 5436
8640 5610
8786 5738
1000 -300
-3538 -3740
-11118 -11118
-11118 -8106
-11078 -6422
-3450 -8088
-3450 -8070
-3472 -11076
-11124 -3502
-3502 -3476
-3572 -11176
-11260 -6622
-11260 -2330
1176 4186
1034 4018
1034 4036
8532 5574
708 708
708 2416
-11962 -11936
-4584 -9206
-12372 -4750
-4750 -9364
-5016 -4990
-5314 -5314
-12936 -9936
-13140 -5494
-13448 -8810
-13448 -8786
-13766 -10766
-13994 -6372
-13994 -9332
-6708 -11322
-7048 -7048
-7048 -7024
-7394 -1442
4814 1830
4814 -2784
4466 4488
-3472 -3472
4150 4172
3836 -5054
-9024 -12008
-16646 -9002
-16946 -13940
-9612 -12574
-17510 -12872
-17510 -12850
-10156 -17750
-10460 -13444
-10460 -18060
-18316 -10674
-18508 -18508
-10886 -18480
-18754 -14094
-11298 -11298
-11298 -14254
-19102 -11460
-11584 -14568
-11584 -11558
-19324 -19304
-19388 -11766
-11766 -16376
-11822 -11796
-19458 -19458
-19042 -11728
-11496 -16018
-11430 -15970
-11430 -18864
-11284 -15800
-18592 -9846
1306 1306
1306 -1590
-5948 -3004
1738 -5722
1738 -5692
-5408 -8266
-17390 -12850
-17390 -14448
-17118 -14170
-16748 -9288
-16748 -12186
-16444 -16420
-16094 -16094
-8634 -11528
-15704 -15676
-7818 -15278
-7818 -15256
-7470 -11984
-14516 -11596
-7056 -9950
-14098 -9532
-13682 -10762
-6222 -9118
-5838 -4550
-628 6856
-256 7204
256 7176
642 666
8268 3824
8268 -4680
-10696 -6228
-10410 -10410
-3110 -7528
-2828 -2802
-2564 -2564
-2564 -4168
9632 9658
9838 6982
9838 2564
2718 7190
2870 7314
2870 76
-1702 -1678
-1630 -4486
-1630 -8902
-8866 -1538
-1550 -8850
-8850 -5968
-8860 -4390
-8906 -4462
-1606 -8882
-8986 -8960
-1796 -4624
-9242 -1942
-1942 -9218
-2094 -9368
-9594 -9594
-2294 -2266
-2704 -1340
8770 5972
8770 6000
8472 8496
1048 5396
1048 1074
7882 -1996
-4182 -8530
-11328 -8504
-4514 -7286
-4858 -9206
-12004 -11976
-5228 -12348
-5576 -12722
-12722 -5552
-5900 -5872
-13412 -6266
-13412 -9038
-13748 -9376
-14052 -6878
-14396 -7250
-14396 -7224
-14696 -7524
-14978 -10630
-14978 -14952
-8102 -8076
-15492 -15492
-15492 -8318
-15722 -8550
-8778 -11576
-15924 -8750
-16098 -8928
-9076 -9076
-9076 -13396
-16336 -11962
-9280 -13628
-16426 -8046
2416 2442
2406 -1942
2406 -364
-4724 -4698
-4674 -4674
2472 -10204
-16326 -16298
-9052 -9026
-16048 -11700
-16048 -11672
-15858 -13034
-15648 -15648
-15648 -15622
-8262 -8234
-15124 -15124
-15124 -12300
-7692 -7666
-7382 -14528
-14528 -14500
-7026 -14146
-6678 -9476
-6678 -13798
-13460 -3528
5828 -1318
5828 5854
-930 3444
6608 3810
-494 3810
6882 -5514
6118 8820
11554 11580
4958 11970
5346 9624
12712 9978
5726 4568
1598 -1110
1958 1958
1958 -2266
2326 -1900
2654 -80
-4332 2680
2966 2992
3250 3250
3250 -976
-3474 -3448
-3232 -3232
3754 -3206
-3018 -2992
4150 4150
4150 -76
4304 4330
-2544 190
-2544 1734
10586 11796
9098 13350
16084 9124
16118 11892
16124 6462
-2382 352
-2382 -2356
4542 1836
4450 -2536
4450 222
-2650 -2624
4190 1456
-2796 -36
-2972 -2946
-3174 -440
3812 3838
-3392 -632
-3644 -3644
-3644 634
-3910 -1150
-4190 -1456
-4190 -1430
-4492 -216
-4780 -2046
2206 -2020
-5104 -5078
1550 1550
-5436 -2678
-5750 -5724
-6090 -6090
896 -3330
-6430 -2152
-6768 244
-116 -2850
-116 -92
-1354 4108
3764 6498
3764 3788
3684 7710
10208 3366
10208 748
-8134 -3946
-8380 -4216
-1538 -8354
-1784 -8604
-1978 -1978
-1978 -8794
-2184 -2160
-2354 -5032
-2354 -5008
-2504 -2480
-9464 -6786
-9464 -6762
-2722 -2696
-2804 -5482
-2804 -5456
-9700 -7000
-2868 -5524
3052 8372
1530 1558
1570 1594
8472 1630
1630 4332
8562 -3580
-9426 -6748
-2584 -9402
-9296 -6592
-9126 -4962
-2284 -6426
-2114 -6254
4012 9332
9332 2512
9544 9572
9830 5666
2988 5688
3234 4780
-7724 -882
-882 -5024
-7448 -4746
-7136 -294
-294 -2948
-6808 58
368 388
656 -3508
-6186 -3484
1006 -1646
1388 -1290
1388 -2756
1690 -5132
-4850 -4850
1992 -660
-4468 -1768
-4142 -4142
-4142 -4122
8916 7422
7788 7788
14630 7810
8092 10792
15230 8388
8388 3090
4270 -2550
4542 378
-2704 1928
-2430 -2412
4482 4482
4482 432
4738 688
-1716 -1692
-1476 2596
5216 1162
5382 5406
-1102 1518
5590 2988
-968 3128
-804 5888
5888 3286
5998 -670
6118 6118
6118 2064
6200 6220
-428 2192
-428 2216
-382 -362
-352 2268
6340 3740
6350 6368
6334 2262
-358 -338
-380 6332
12050 14636
17256 17276
17192 10520
17110 14510
10318 10318
10354 11798
-480 -460
-570 1994
5980 6002
-680 -660
5742 5742
-808 3192
-908 1676
5492 1506
5492 5512
5330 5346
-1362 1202
5188 5208
5004 2462
4790 -1760
-1760 2240
4640 2098
4402 4402
-2148 430
3362 8478
8206 12192
14756 10784
14582 14606
7748 11734
14298 6654
3356 808
3154 3176
2884 320
-3666 2898
2700 152
2496 -1490
2496 -1474
2982 -228
-3714 -1206
-3714 -1192
2518 7520
12854 6446
12854 8970
12654 6260
6072 9972
12480 9988
5878 908
-4848 -4848
1560 -4832
-5034 -1118
1190 -5218
1190 1206
1014 1030
842 -3058
842 -5550
-5734 -1818
518 -3366
366 -3534
366 -2126
-6188 -6170
72 -2436
72 -3820
0 -3884
-122 -6530
-122 4880
3894 7812
10186 6286
3778 6302
3692 6208
3644 7544
3644 2576
-562 -544
-634 -3142
-634 -626
-666 -650
-700 -7108
-7108 -4590
-732 -3224
-748 -7156
-748 -7138
-7168 -7158
-762 -746
-756 -756
-7164 -3254
-7154 -3236
-7114 -7114
-706 -3206
-7096 -4578
-658 -658
-658 -4540
-598 -6998
-6966 -6966
-6966 -3048
-6878 -2968
-6828 -420
-6828 -2920
-6770 -344
-248 -2756
-6656 -238
-172 2316
4032 7932
9874 7848
3688 9972
3756 7574
10030 3764
10084 2760
-6430 -3966
-94 -2550
-6368 -2530
-6222 -6214
122 -6152
-6152 -2324
-6058 -3594
292 292
-5982 -5972
390 -3418
-5780 494
-5780 -1952
596 -5670
-5588 -3132
686 -5578
-5472 -3006
-5360 -5360
914 5800
11322 11332
11446 7628
5172 7638
5296 5306
5426 11700
11700 6830
-4778 -4768
1634 -2174
1766 -2052
-4508 1776
1904 2974
12352 8534
6078 8544
12494 8684
12614 12614
6340 8796
6362 7768
-3802 -1346
2472 26
-3656 172
2766 2766
-3508 2766
2788 342
2938 2938
-3336 -3326
-3186 3098
3238 -3036
-3036 3238
-3012 -546
3412 -406
3412 -396
-2710 -254
3586 -232
-2688 3596
-2536 4808
14196 14196
7946 7946
7946 14230
8096 11914
14392 10574
8118 3250
-2914 -2030
-2766 -2766
-2766 -362
3398 -328
-2594 -2594
3546 1142
-2572 -158
3716 3716
-2424 3716
-2400 -2390
-2252 -2252
-2252 152
-2230 174
3934 1530
3934 -2196
-2060 344
4104 -2036
-2036 -2026
-1892 -1892
-1868 1868
-1846 -1846
-1846 1900
-1702 -1702
4462 726
-1678 -1678
4484 758
-1512 -1512
-1512 2224
4650 7020
14760 11024
8620 8630
14900 12496
8784 14924
14924 12520
8806 7768
-1262 1142
-1262 4888
5016 -1124
-1100 -1100
-1100 2636
5058 5058
-1058 2678
5082 -1058
5102 5102
5126 5126
-994 -994
-994 1420
-862 5278
-838 5302
5302 2898
-816 2920
5342 5342
-798 7712
15448 11712
9332 13068
9332 15472
15490 11754
9370 13106
15510 10736
862 8040
5656 5656
11796 11796
5676 9412
11836 5696
4746 920
-5106 900
-5084 -2734
-5084 -5084
-5064 -2714
964 954
-5138 -2788
868 -5138
890 -1460
912 912
-5094 -1438
-5074 -2724
954 -2702
-5052 -2702
976 -5030
996 -5010
996 -5020
-5104 -1448
6124 8446
10796 7140
10818 8468
4834 4834
4834 7174
4738 2416
-5114 -1458
892 -2764
-5094 -2754
-5190 816
816 816
-5168 -5168
860 -2806
-5242 764
-102 712
-5958 -2380
-58 -58
-5936 -5944
-132 -3710
-110 -2410
-110 -120
-208 -3786
-6064 -186
-6064 -6064
-6042 -6052
-6140 -3840
-262 -6140
-240 -2550
-338 -2638
-338 -2638
-316 -3902
-390 -390
-390 -6268
-6246 -2678
-466 -466
-6344 -6354
-1352 9096
9118 3240
9118 5532
3166 3166
3188 4486
-6568 -6568
-6568 -700
-6666 -788
-766 -4344
-6644 -4354
-7338 -6752
-1676 -5176
-1676 -1676
-7410 -7418
-1724 -5224
-7476 -1734
-7562 -1818
-7630 -4130
-1878 -7630
-1860 -5370
-1944 -5444
-1944 -5452
-7764 -7774
2882 3856
1604 3856
7374 3866
1562 7314
1562 3804
1476 -754
-8036 -4546
-2368 -8120
-2368 -8128
-8178 -5934
-2486 -5986
-2486 -4748
-3340 6878
1078 6830
6830 3320
1002 994
942 6694
6694 -3540
-2810 -8572
-8638 -5138
-8638 -5146
-2934 -2942
-8742 -6490
-8742 -6498
-8792 -3050
-8858 -6606
-8858 -5366
-3158 -6666
-3210 -8962
-8962 -3220
-9024 -6780
-3318 -6834
-3420 -5672
-9172 -6928
-3468 -9230
-4292 182
182 3674
142 134
100 3600
5852 2336
10 -972
-9476 -7224
-3724 -5986
-9520 -9536
-3846 -7346
-3846 -6106
-3880 -7388
-9658 -7406
-3906 -3922
-3976 -6236
-4002 -9754
-4046 -6262
-9698 -9706
-9706 -6282
-4078 -9714
-4086 -6306
-9730 -7532
-4108 -9736
-4108 -6328
-4116 -6328
-9742 -9742
-9742 -9758
-9740 -4126
-9726 -4098
-4098 -7530
-4098 -6318
-4078 -9706
-9706 -7508
-9702 -7514
-4054 -9682
-4054 -6272
-4778 1796
-390 1814
5238 3018
-346 3064
5318 5318
5318 -2498
-3898 -9542
-9468 -9468
-3840 -6050
-9450 -6040
-9400 -3788
-9332 -7128
-3704 -9346
-3650 -5868
-3584 -9212
-9212 -3598
-9140 -9154
-9072 -5648
-3444 -3458
-3372 -9014
-8918 -8918
-3290 -5508
-8840 -5430
1748 498
6126 3908
586 3998
6288 2864
660 2850
752 -3640
-8408 -4984
-2780 -4998
-2680 -4904
-2532 -4736
-8160 -5968
-2446 -2460
-2346 -2346
-7974 -7986
-2258 -4482
-7724 -5534
-7616 -5412
-7616 2378
1726 7334
1894 4098
1894 4086
2458 1896
8110 2604
8110 3814
-6358 -4222
-6214 -4060
-708 -6226
-618 -636
-474 -474
-474 -5998
-332 -2498
-5752 -246
-5752 -264
-5614 -2280
-5480 -5480
26 -5490
92 -5432
-5286 -3132
-5286 -1952
344 -1826
454 1370
9610 9610
9610 4086
4218 6356
4314 6468
4314 4298
9914 106
-4550 -2396
-4550 940
1034 -2334
-4390 -2236
-4390 1100
1186 1172
-4258 -4258
1248 1226
-4174 -2036
-4118 -1964
1388 1374
1430 1410
-4022 -1868
1484 -4038
-3978 -1844
-3938 -3938
-3938 1554
1590 -3936
1614 -554
1618 1618
-3888 -3908
1624 -1746
1624 -3882
1624 -3902
1614 -3904
1602 -552
1602 -1770
1572 1554
1536 1536
-3970 3648
10554 5030
10500 7148
10500 4978
4944 7076
10366 7014
10366 3910
-4264 -928
1168 -986
-4396 -4324
-4508 -1244
784 784
784 -4622
684 664
546 -4864
408 -2872
408 -2888
292 274
-5242 -3132
-5242 -1982
-12 -5420
-5550 -5550
-160 -5568
-310 3864
3000 8390
8390 2982
8228 6098
8042 2652
8042 8024
7876 384
-6566 -1176
-1176 -3304
-6740 -3480
-1546 -1546
-6936 -3674
-1724 -2938
1588 1588
6978 4848
6776 3478
6596 3294
6374 4264
728 98
-2840 -6066
-2992 -2992
-8266 -3012
-8458 -6414
-3372 -6582
-3372 -5456
-8832 -6786
-8996 -3722
-8996 -9014
-3878 -7106
-4034 -9308
-4034 -7264
-4204 -4222
-4350 -6414
-4350 -6434
-4512 -6594
-9920 -7856
-4646 -5838
-1400 3854
3738 3738
-1536 -1554
3618 3600
3510 300
-1764 -5886
-10554 -10572
-5380 -7464
-10752 -10752
-10752 -8708
-10844 -10864
-5654 -7718
-5654 -5672
-10796 -7754
-5694 -5694
-5694 -8854
-5738 -7778
-10946 -10946
-5784 -5802
-5810 -5830
-10992 -10992
-5830 -11010
-5840 -9002
-5842 -11004
-11004 -11022
-5844 -7884
-5830 -7850
-10992 -5848
-5806 -10988
-10940 -10940
-5778 -5796
-5740 -7780
-10852 -5710
-5634 -8776
-10796 -1638
-2254 -254
2980 -2182
2980 2960
3058 -102
-2022 1120
3140 -894
-5248 -7286
-5158 -5158
-5158 -8320
-5050 -10232
-10098 -6956
-4936 -10116
-9994 -4852
-9868 -9868
-4706 -4726
-4576 -7736
-9616 -4454
-9616 -6494
-9478 -4336
-9336 -4174
-4174 -4192
-9206 -7206
-3898 -3046
4738 2718
4738 -442
-290 2832
5026 3006
5026 -156
5180 1148
4462 8476
8476 3294
3468 6590
8784 3622
3622 3604
3756 -278
-4578 -2558
-4578 -1456
732 -2428
-4304 858
858 -1182
-4162 -1040
1140 -2002
1084 -830
-3854 -3874
-3726 -652
-3726 -3744
-3616 -3636
-3500 -1540
1654 1654
1654 -344
-3288 -1328
-3200 -3200
1852 -1242
1264 10226
5272 7250
10324 5254
5340 8394
5418 10470
10470 3450
2230 234
2278 300
-2774 2258
2326 2308
-2682 -2682
-2682 2350
2398 -2670
-2630 444
-2630 2402
-2610 2424
2450 472
-2602 2430
-2606 2428
2444 448
-2626 -2626
2426 428
-2654 402
-2680 -702
2372 -720
2328 -2744
2284 306
-2768 -2786
-2826 2208
-2884 2168
-2884 -924
-2950 -992
-3040 34
-3040 1994
-3118 -62
1164 5092
5092 7052
4996 8052
4894 9946
9946 6854
9842 2822
1424 1424
-3628 -3646
-3744 -690
1170 -1904
1170 -3898
1052 -4020
900 884
-4272 780
780 762
-4416 -4434
-4564 -2586
488 -2604
492 -2716
344 -4598
344 -2682
-4750 -1758
56 -4886
-4886 38
-764 8002
7844 4836
7844 5894
2762 5752
7542 5608
7542 1750
-5648 -5666
-870 -3878
-5812 -5830
-5978 -2986
-1180 -4188
-1180 -3132
-2010 3752
6630 4676
1502 1502
6444 1486
6300 -2502
-6906 -1964
-6906 -6924
-2128 -4078
-7208 -2266
-7208 -7226
-2426 -5452
-7524 -4516
-2582 -2596
-2698 -4650
-2844 -2844
-2844 -2862
-2992 -7948
-3102 -3102
-3102 -3116
-8150 -8170
-3360 -3360
-8302 -3374
-3456 -8414
706 1542
-392 -412
-532 4394
4310 4294
4206 -736
-736 -4596
-4008 -8966
-4098 -7106
-4098 -4114
-9126 -6130
-4244 -9186
-9186 -6196
-4334 -6284
-4402 -9344
-4402 -4420
-9422 -7500
-4522 -4522
-4522 -7548
-4586 -9542
-9574 -6566
-9574 -7658
-9632 -9644
-4718 -4718
-4538 -9580
-9432 -6502
-9468 -4632
-4632 -7590
-4670 -4688
-4704 -9554
-9570 -7678
-9570 -4748
-4756 -4770
-9606 -4770
-4770 -6676
-9620 -6690
-604 1266
-1678 200
-1684 3136
-1684 -1684
-1684 3138
-1682 -2514
-9620 -4784
-4784 -7744
-9606 -9620
-4752 -4752
-9588 -6660
-4732 -7686
-4718 -9554
-4718 -6624
-9524 -6596
-9490 -4654
-9490 -6556
-4634 -9486
-9424 -6496
-9378 -6434
-9350 -9286
-4600 -9348
-9292 -6412
-4560 -7450
-438 348
-1436 -1436
3296 1432
3330 434
3384 504
-1348 -2160
-9094 -7254
-4320 -6172
-9052 -7216
-4252 -6114
-4216 -7096
-8948 -6080
-4166 -8910
-8846 -6994
-8846 -7010
-4036 -8780
-3982 -3982
-8714 -2162
-886 3834
3904 -828
3904 2040
-770 1072
4012 -4414
-3702 -8434
-3702 -3714
-3640 -8384
-8302 -8302
-8302 -5434
-8420 -5262
-3728 -8358
-3728 -3740
-3668 -5492
-8234 -3604
-3604 -6434
-8168 -3550
-3472 -6290
-3472 -8114
-8036 -3412
-3380 -8010
-8010 -5204
-3312 -2540
-260 -260
-260 2546
-188 2618
-118 2700
-118 1688
-90 -886
-7630 -3012
-7558 -7558
-2928 -5752
-2900 -5732
-2810 -2810
-7440 -2816
-2782 -2794
-7338 -4520
-7338 -7350
-2634 -4452
-7236 -7236
-2606 -5438
-7146 -2522
-2486 -7116
-2486 -7128
-7042 -2420
-2368 -6998
-6998 -4186
-2338 -4162
-6894 -5082
-2264 -5090
-6850 -2232
-6776 -4964
-2146 -4970
-6748 -3938
-6704 -4904
-6630 -6630
-6630 -6638
-1958 1638
5682 3870
5682 3856
1140 3952
1168 5798
1168 1162
5824 -2416
-1746 -1746
-1746 -6382
-6350 -4552
-6266 -3448
-6266 -3454
-6236 -4432
-1568 -6198
-6198 -4392
-1542 -1550
-1500 -1500
-6446 -1432
-1874 -4638
-1846 -1846
-1846 -4612
-6338 -6344
-1780 -4544
-1754 -6286
-6286 -12
1202 1196
5760 1228
5760 2994
5800 5794
5824 4050
5824 -2240
-6116 -4348
-1558 -3332
-1558 -3340
-6050 -6056
-6024 -6024
-1492 252
5980 4198
1486 6018
1486 3252
6054 3296
1504 1504
1504 -252
-1384 -5924
-5878 -3120
-1346 -1352
-1322 -3096
-1338 -3120
-5832 -3074
-5832 -1306
-1280 -1288
-1244 -4002
-1244 -4002
-1256 -5794
-1234 -5766
-5766 -3016
-5734 -5734
-5746 -3972
-1214 -3980
-5712 -420
6290 6290
6290 3532
6272 1732
6308 6308
6308 3550
6294 6
-1132 -3890
-5664 -1140
-5632 -2874
-1112 -2886
-5644 -3878
-5612 -5612
-5626 -3852
-1094 -2874
-5604 -1072
-5618 -5626
-1052 -3810
-1052 -3810
-5598 -5598
-5612 -3838
-5612 -3846
-5858 -970
-1438 -1438
-5872 -1444
-5850 -1416
-1430 -1430
-1430 -4128
-5878 -4150
-1410 -5844
-5844 -1410
-1424 -5858
-5872 -3174
-1438 -5878
-5850 -4114
-5864 -1430
-1430 284
5844 3138
1444 3180
5878 4142
5864 3166
5850 664
-5886 -1452
-5886 -5894
-1418 -5852
-1432 -5866
-1432 -1432
-5880 -1446
-5894 -1460
-1460 -1460
-1474 -1474
-1492 -4190
-1492 -4190
-1506 -3248
-5914 -4178
-1480 -1480
-5932 -1498
-1512 -3248
-1512 -4210
-5960 -774
5746 1312
5746 4010
5732 5732
5718 1284
5718 3982
1268 -2182
-4914 2970
-1476 2958
-1476 1222
2942 2942
2926 228
2926 -3222
-8810 -8810
-8826 -7090
-4392 -4392
-8840 -6142
-4422 -7120
-8856 -7114
-4478 -8912
-4494 -4494
-4494 -8928
-8944 -8944
-4524 -4524
-4524 -6260
-4538 -4538
-4554 -8988
-4914 -7176
-9268 -9260
-9340 -5002
-5002 -9340
-5598 -2222
-2238 2100
2084 -556
-2254 2090
2024 -1352
-9464 -6824
-9464 -9464
-9480 -9472
-5214 -6912
-9552 -9552
-5232 -5232
-5248 -7888
-5248 -6940
-5306 -5306
-5322 -7962
-9660 -7020
-9676 -7028
-9750 -5412
-9750 -9750
-5428 -5422
-5488 -9826
-5488 -7186
-9842 -9842
-5520 -5520
-5520 -9850
-9932 -9932
-9946 -9938
-10020 -10020
-10226 -8250
-10240 -5984
-6062 -8648
-6062 -10310
-6076 -6070
-6128 -10376
-10376 -8708
-2504 800
-3462 -1800
786 -868
-3528 -942
-3544 -1882
-3544 -5180
-10578 -7984
-10638 -10638
-10638 -8052
-10654 -8062
-6456 -9042
-6456 -8112
-10750 -9088
-10766 -9104
-10766 -8172
-10822 -10816
-10872 -6624
-10872 -10866
-10914 -8328
-6680 -9258
-6736 -9322
-10984 -9316
-11026 -6772
-3144 -1502
160 -4088
-4292 -2430
-4332 -2706
-176 -170
-210 -5062
-11224 -11224
-11224 -8688
-7096 -9620
-7124 -9654
-7124 -9646
-11314 -7152
-3584 -4508
-352 -4502
-4532 -4526
-4550 -2020
-394 -2014
-414 -5266
-7262 -11418
-7262 -7256
-7282 -9804
-7300 -11450
-11468 -7312
-7312 -7306
-7326 -7320
-7340 -8966
-7340 -9864
-11504 -9872
-7362 -9892
-7362 -11512
-11524 -9892
-11526 -11526
-7370 -9888
-11534 -9902
-11534 -9908
-11534 -9902
-7938 -3074
-4700 -4700
-544 -538
-4700 -4688
-4688 -532
-4688 -3758
-7356 -11506
-11500 -9874
-7344 -9862
-7324 -7318
-7312 -7306
-7300 -7300
-11456 -8914
-7266 -7260
-11404 -9778
-11404 -9766
-11364 -9732
-11346 -8816
-11346 -8810
-7164 -7154
-11278 -7122
-7122 -7116
-11252 -11240
-11196 -9570
-11196 -9564
-7008 -9528
-6962 -9492
-11118 -6950
-6896 -11046
-6860 -11016
-10588 -8378
-6436 -8024
-10470 -8878
-10470 -7982
-6318 -8784
-6788 -2028
-3574 -1982
-3574 -3564
574 586
-3400 -924
668 -2484
-5934 -7516
-5846 -7438
-9914 -8316
-5790 -7372
-5702 -5702
-9770 -8168
-5608 -8074
-5518 -7994
-9586 -7982
-9476 -6990
-9382 -7790
-9382 -6896
-9284 -7682
-9188 -7596
-5120 -9178
-5022 -6604
-4924 -4924
-4924 -7390
-1300 1872
1960 -2098
-2006 -2006
-2006 480
-1904 -5058
-4436 -8504
-8504 -4426
-8404 -8388
-4182 -8250
-8250 -8242
-4098 -6564
-8066 -5590
-3998 -6464
-7964 -7950
-3762 -6238
-3762 -3752
-7732 -2970
3102 -966
-966 -952
-836 3242
-740 1736
-740 -728
-628 -3780
-3152 -5628
-3152 -3138
-7098 -4614
-2954 -7022
-2954 -2940
-6906 -4418
-6804 -2726
-6722 -2654
-6722 -4234
-6626 -6612
-6520 -6520
-2452 -6512
-6148 -3884
-2088 -2088
-6068 -2076
-2018 -5986
-1950 -5930
-5930 -400
680 3114
4724 2302
744 2314
4778 810
852 852
852 190
-1662 -4072
-5592 -4034
-1612 -4022
-1576 -3988
-5520 -1540
-1540 -3950
-5488 -3050
-5452 -3020
-1450 -3872
-5430 -3860
-5412 -3840
-5398 -1418
-5398 -2966
-1408 -1392
-1404 -5384
-5384 -5374
-1400 -3808
-5386 -1406
-1406 -2954
-1416 -3824
-5408 -5408
-1428 -3836
-1450 -5416
-1474 -3896
-5454 -3886
-5480 -3046
-5510 -3088
-5510 -3074
-5550 -20
4934 2512
4934 3390
906 3340
4838 4854
4770 2348
4770 128
-1830 -5798
-5864 -1884
-5864 -5848
-5946 -1954
-6012 -3590
-2032 -6000
-6082 -6068
-2182 -3740
-2182 -6148
-2270 -3816
-6326 -4768
-2346 -2332
-2438 -2424
-6512 -2532
-2532 -4940
-6608 -5036
-6706 -5148
-2808 -1170
3492 3504
-490 3404
3404 -474
3290 932
3200 -2184
-3314 -5684
-3314 -4826
-7298 -5760
-7402 -3508
-3508 -5864
-3610 -2092
2702 2702
-1192 344
2614 258
-1380 -1380
2514 1006
-1490 -614
-7976 -5606
-7976 -5592
-4176 -5686
-8160 -6636
-4266 -8146
-4358 -4344
-4444 -5968
-8338 -8324
-4526 -6882
-8500 -8500
-8500 -6962
-8578 -4670
-8650 -8636
-8722 -6352
-8602 -8646
-8664 -4838
-8720 -8720
-8720 -3422
-2502 -166
1262 -1058
1262 -218
-2588 -254
-2624 1188
-2624 -3256
-8920 -5094
-5136 -5136
-5136 -6614
-5158 -7464
-8986 -7494
-8986 -5160
-8996 -6662
-5188 -6680
-5188 -5174
-9000 -6666
-8998 -8998
-8998 -5172
-5172 -7478
-5152 -5152
-5152 -7458
-8944 -7438
-8916 -6582
-5072 -7392
-8884 -6550
-5028 -5014
-8796 -4984
-8796 -6462
-8542 -6356
-4752 -7022
-8482 -7008
-8422 -8408
-8354 -6084
-4624 -6070
-8282 -3906
-2076 194
1654 -2064
1726 -1988
-1906 364
-1906 1836
-1832 -2450
-7870 -4140
-7870 -4126
-4044 -6300
-7674 -5404
-7674 -7660
-7570 -3826
-7464 -7450
-3624 -5084
-3624 -7340
-3512 -4958
-7126 -4856
-7126 -7112
-7008 -3264
-6890 -6890
-6890 -5416
-6770 -5296
-6646 -4376
-6646 -1460
-392 1892
3464 -266
3464 1208
3588 1332
3714 2254
3714 -1444
3222 3868
2520 2520
2520 4804
6374 2658
6500 5040
6500 2152
-3240 504
614 -3102
-2996 -726
734 -1522
854 868
-2758 -488
-2758 -2744
-2642 -1168
1200 -1070
-2530 -2516
1308 -2408
-2312 -852
1418 1432
1520 1534
-2110 -2110
1620 1634
1720 274
5042 6484
4214 6496
8020 5766
8116 8116
4266 5806
4348 1522
2068 -1582
-1582 -140
-1508 2156
-1442 792
-1386 836
-1386 850
2322 -1314
2380 -1270
2380 172
-1220 -1206
2472 1044
2472 1056
-1142 300
2540 1112
-1110 -1096
2572 2586
-1058 -1058
-1058 2604
2610 2624
-1026 1196
-1026 1210
2632 -1006
-1018 1204
-1018 424
2634 2646
2628 2628
-1022 422
2614 1198
2598 -1038
5736 7146
8574 4936
4896 7130
8520 4870
4870 7108
4832 4228
2450 -1200
-1200 -1186
-1246 988
2362 2362
-1288 152
2316 -1320
2256 34
2256 2270
-1454 2208
-1510 2140
-1510 2152
2080 2094
2010 582
2010 -1626
1938 -1698
-1792 -1792
-1792 -1780
1790 374
1224 6284
7712 4076
3978 5418
3902 5344
3816 7466
3816 4638
-2250 1414
1310 1310
1310 -2328
-2256 1238
-2334 -160
1240 1254
666 5630
3362 4762
3362 5550
6844 4680
3200 4600
3200 434
824 -1338
742 -2832
-2832 -1418
-2924 -738
568 568
-3006 -820
-3086 -902
-3154 -980
420 -966
330 -3232
-3322 -1136
-3400 -1226
-3400 -3390
-3462 -2048
-3548 -1374
-3548 -3538
-3608 -22
-590 5762
5762 2202
5684 4296
2044 3444
2044 3454
1990 1398
-364 -2538
-3938 -1752
-4000 -414
-482 -1882
-4056 -472
-528 -1916
-576 -4150
-576 -2738
-624 -4186
-672 -672
-672 -4236
-4280 -694
-744 -2134
-4348 -2174
-4348 -2162
-4382 -798
-4404 -3004
-4404 -2990
-860 -2250
-878 -878
-4452 -868
-896 -2284
-912 -4486
-4486 -4476
-4494 -4482
-4498 -924
-4498 -2314
-4506 -4496
-4508 -2334
-4508 -924
2160 1376
4944 1370
1360 4880
4852 1368
4858 3490
1364 782
-4370 -2232
-4358 -2980
-850 -2976
-850 -4332
-4326 -2194
-4308 -814
-814 -2170
-4284 -2906
-764 -764
-4258 -4250
-738 -4220
-704 -2830
-4198 -4188
-4166 -664
-642 -2010
-4136 -630
-592 -1952
2468 3060
5186 3072
5234 5242
5272 3904
1778 5284
5334 -870
-3862 -368
-368 -360
-3816 -2436
-258 -2376
-210 -2336
-326 -220
-282 -3694
-3656 -1574
-3656 -1562
-166 -1496
-116 -3536
-116 470
5556 3482
5608 2188
2188 3534
5660 2248
2298 4380
2298 3068
164 -3248
-3198 -1116
222 -3190
280 -1050
340 340
-3080 -1732
-3004 -2996
-2944 -2944
-2944 -854
-2880 -1534
-2814 -2814
606 -722
686 -1388
-2666 -1324
792 -546
-2628 -536
874 1460
3144 6564
6564 5236
2946 4496
6356 5046
3010 3016
6410 468
976 -2370
-2370 -1050
-2288 1062
-2248 -2248
-2248 -2240
1168 -136
-2124 -2124
1222 -2116
1292 -8
-1970 66
-1970 -1966
1418 -608
-1844 -1844
1502 1506
1544 1552
-1730 -414
1672 362
-1674 -360
1712 -314
-1548 -238
-1548 492
1840 -186
-1422 -112
-1422 1928
1966 -64
-1324 -14
2022 -6
-1254 62
2146 -1200
-1200 4754
4342 7698
7772 7772
4426 7778
7826 7830
7866 6556
4520 3956
-942 -936
-888 -888
-888 432
-810 2540
2576 1272
2628 2628
2628 2632
-682 634
2716 1406
2716 2720
2752 722
-542 1494
2804 1498
-506 1536
-458 2888
-458 856
2926 3500
8474 8474
5128 7168
8510 7206
8554 6518
8554 8558
8588 2644
3132 1822
-406 1828
-372 916
2950 2950
2950 962
-290 3546
8410 5140
8444 7162
5170 7168
5214 6496
8498 8498
5224 5954
3148 3154
-84 1198
3190 3194
3220 -54
3228 1236
-46 1242
3268 1282
3310 3310
3310 2032
3338 3338
3346 1354
72 78
110 3388
3414 2132
3414 1422
148 2146
184 2176
3458 6012
5602 8876
8880 5610
8906 7624
8906 5632
8916 3100
3566 292
3566 1578
3588 3588
3594 3594
3594 1608
3628 2346
358 1640
3632 2356
388 388
3666 2384
392 1678
416 1698
420 420
3694 1702
3700 3706
450 2442
3724 2442
3730 3736
482 3756
3756 3756
486 486
492 1774
3766 3770
3784 2502
3790 3790
520 1802
520 2518
542 3816
546 2538
546 5086
5710 7868
5728 8932
8932 5728
5732 8936
5738 6992
5738 3246
3680 482
502 3706
502 1756
3710 2456
3716 2462
512 2462
3720 3720
3726 2472
522 3726
526 3730
3736 3736
3736 3742
3756 2502
552 552
3762 2508
3762 1812
562 5004
5834 5834
9038 9038
5834 9038
5838 7092
9042 7788
5844 3352
4592 7084
3880 7084
3884 3884
3890 5144
3890 7094
3890 4602
-1372 1832
-1372 1832
1832 1832
-1366 -1366
1838 -1366
-1360 584
1826 572
1826 572
-1372 -1372
1838 -112
-1366 1838
1838 -1366
1842 1842
-1362 588
1842 1842
-1356 -108
1836 1836
1836 -114
1406 3898
7108 7108
7108 5158
3904 7104
7104 5154
3900 1408
1838 -112
-1362 -1362
1842 -114
1832 578
1832 578
1730 576
1734 502
-1412 1726
-1412 1726
1730 -180
1730 -1414
-1418 -1418
-1418 492
1724 -190
1716 -1422
1716 488
-1418 1720
1720 -190
-1418 1714
-1428 482
-1424 1714
-1424 -200
-1432 -1432
1710 1710
-1428 476
-1444 -216
-1438 -210
1700 468
-1448 -226
4394 4922
6832 6832
3694 6828
3690 6828
6828 3690
6828 1246
-1472 -248
-1482 1656
-1548 1628
1526 1522
-1552 -1552
1518 -356
-1568 -366
-1564 1506
1506 -366
1498 290
1478 276
1478 -394
-1600 -1600
1474 -1596
-1596 -400
1460 -412
-1622 246
1448 -1626
1026 6484
3420 6490
6490 4616
6474 4602
6462 3392
3392 2202
1408 -466
-1682 -1682
-1682 -1686
-1690 -1694
-1702 1362
938 5194
3326 3322
3318 3312
3294 5162
3294 4492
6092 898
1142 -1860
-1860 1136
-1880 1118
1110 -1892
1110 -68
-1902 -1906
-1914 -1914
1088 -92
-1362 -2564
9048 14338
23772 15678
11674 25058
25058 11724
12886 10670
-8016 128
5368 -7966
-7058 1136
-6252 1892
7132 1944
-5604 -5554
8210 66
-5174 3020
8412 3222
8438 -4946
-4946 344
-5132 3060
-5520 2624
-5520 2676
7280 7330
-6870 -6870
-6870 1324
-7776 5658
16166 26576
13192 18480
12100 20296
24230 19038
9648 14888
23032 -712
-13598 -5404
-14824 -9584
-1440 -1388
-2646 -2600
-3642 -17026
-3642 -11734
-18026 -17978
-18818 -5434
-18818 -13526
-19486 -6054
-6562 -6562
-6562 -14658
-6834 -20166
-20294 -12150
-6910 -6862
-6774 -11964
-6448 -6448
-19832 -11640
-5948 -5900
-5272 -5272
-18656 -18606
-4402 -4354
-3414 -8606
-2324 -10468
-2324 -10418
-1964 -1016
-726 -8698
-13824 -8652
-12632 514
13072 10162
23260 18182
24532 11480
25724 25724
12626 20648
26960 8846
6490 -1482
6490 -1434
7502 -422
-4736 390
8362 -4694
9016 1094
9610 9610
9610 9656
9988 10034
-2896 -2896
10202 5122
10248 10296
10104 10152
-3314 1812
9784 4708
9274 9316
8696 -4402
8696 8740
19302 29542
15408 23380
28506 20580
14432 19604
13374 26472
26472 16322
-9066 -3892
2860 2860
2860 -2218
1682 1722
714 -7258
714 -4362
-2194 21134
7088 7088
20186 15112
19182 14098
5374 5374
18472 3202
-3686 -11612
-17290 -17246
-17630 -9658
-4532 -12458
-4742 -17794
-17858 -4760
-4760 -4722
-4634 -17684
-4334 -9460
-17432 -17384
-3842 -11776
-16430 -3332
-3332 -11264
-2684 -15732
-1742 -1742
-14840 -9674
-882 -8814
-1712 8476
19508 13408
20578 12818
21508 13708
21508 8734
9728 4816
-10264 -2464
2552 -2422
-9172 -4112
-8024 -2976
5626 -2174
5626 652
-6146 -6102
-5098 -82
7718 -5054
-4140 -4104
-3412 4388
-3412 1648
-2632 -2596
10744 10744
10744 5772
11276 6296
11632 6616
-1184 6664
11928 4164
-788 12028
12028 12064
12020 -748
11860 -956
11860 6880
-1200 -1164
11268 3468
-1548 11304
-1984 -1944
-2572 5228
-2572 2480
7922 17932
29952 24972
16378 16378
29194 29234
15496 5566
-6498 6318
6318 1342
-7454 5402
4394 -8422
4394 -8382
-9384 -9360
-9970 -2170
2846 -2126
-10970 -3130
-11842 974
-11842 -4014
-12426 430
-13162 -346
-13162 -5322
-13822 -974
-1478 -1478
-14294 -9238
-14766 -9722
-3928 6042
18858 18902
18558 18586
5646 10706
5606 5606
18422 8480
-2296 -2628
-2424 -14968
-14968 -10018
-15032 -7366
-14980 -7346
-2436 -7318
-14868 -9930
-2156 -14700
-2156 -2108
-1716 -6598
-13936 -13936
-13936 -4148
7134 14796
20134 12500
20134 12532
8166 13104
8718 21262
8718 6628
-11212 1364
2052 -10492
2052 2080
-9818 -9786
3512 3544
4322 -8222
-8222 -556
-7396 270
-6566 -1656
5978 -6534
-5740 -798
7620 7620
7620 -4892
-4126 -4110
-6500 -3690
-6500 -6468
-5688 16168
27562 15286
27562 15318
28348 28380
29106 21636
16830 24316
17214 7698
-2254 10022
10022 -2222
10674 -1586
11002 -1274
-1274 -1238
11638 6848
-354 11954
114 12390
114 4956
546 8032
730 13006
13006 762
13286 1026
1126 8596
13402 13438
13558 13574
13614 8808
1338 6164
13634 1390
13606 1330
1330 6152
13542 6108
1106 1106
1374 13312
13420 8736
13456 6146
13456 1482
13452 1458
13408 13408
1398 10756
32767 28428
32767 20886
20738 32748
20738 32767
32568 18542
638 7948
638 12668
406 12448
-26 7284
11984 7304
-330 -314
11412 -598
11412 4122
-958 -942
10752 -1258
10752 -1238
10368 5684
10036 -1974
10036 10056
9618 9634
-2752 4558
-2752 -2732
8816 6164
16180 23490
28190 16200
27728 20434
27344 20034
15334 27364
26872 5536
6740 -550
-5744 1566
6266 1586
5792 1108
5408 5408
-6602 14770
12676 12692
24314 24314
12304 19634
11850 16550
11808 23818
23818 14496
-8370 -3650
-8796 -1486
-8796 3230
2880 -9130
2848 -4462
2848 -9142
-9552 -2222
-9924 2086
-9924 -9908
-10208 -10208
1762 -5548
1762 1782
1442 -10548
-10880 1130
-10896 1114
1114 -6176
3276 2582
22198 15044
22198 22198
22168 22184
21854 14700
10102 14700
21818 8100
-9616 -5018
-9616 2156
-9948 -9948
1764 -2834
-9988 1780
1516 -5638
-10268 1484
1484 1504
-10556 -10556
-10588 -3434
1164 -10568
900 -6254
868 -10884
-10884 -6286
852 -10880
624 -6530
588 588
-11164 -11148
-11320 -6722
416 416
-11336 416
396 416
220 -11532
220 -11532
204 -6950
-11568 -4414
184 -6950
-11692 -11692
-11712 -7114
40 4582
7606 14780
7494 14648
7494 12092
7494 14648
7474 7474
7474 2932
-11844 -7226
-11900 -4746
-11900 -148
-148 -11900
-168 -168
-168 -7322
-11920 -11920
-11920 -4766
-168 -7322
-11920 -4766
-188 -168
-188 -7342
-188 -11940
-11940 -188
-188 -4786
-188 -7342
-188 -2800
7378 11976
19130 14532
19130 11976
19130 14532
7952 11676
19438 3490
3432 12380
12380 878
858 7858
842 5344
12344 5344
826 3380
-6590 -18092
-18112 -11112
-6610 -13610
-6626 -18128
-6642 -13642
-18144 -6662
-18012 -6510
-6526 -11028
-6526 -6526
-6542 -18044
-6562 -6562
-6562 -6562
-18080 -18080
-18096 -6594
-6594 -13594
-18112 -13626
-6506 -13506
-18008 -13506
3428 7874
12360 858
858 7858
12344 822
990 5492
990 -3456
-6426 -6426
-6442 -10944
-6442 -13462
-17768 -10768
-6298 -6298
-17816 -10816
-17816 -13330
-6170 -10672
-6202 -17704
-17704 -10704
-6218 -10740
-17520 -13018
-6018 -6018
-6050 -6070
-5826 -12826
-5826 -5826
-5854 -17356
-5886 -17388
-5886 -17408
-17156 -12654
-17188 -5686
-17188 -10204
-17004 -12502
-5530 -17032
-17032 -12550
-5278 -16780
-5318 -9820
-5318 -16836
-5114 -16636
5116 2562
2526 7028
2526 2506
16782 14036
16740 5486
16740 7968
-12742 -5914
-1130 -7978
-12384 -12384
-12426 -5594
-894 -894
-894 -12168
-11788 -534
-11830 -7424
-576 -592
-11552 -4724
62 -4344
-11192 -11208
340 -10914
-10958 296
-10958 -4126
574 -10700
924 -3482
924 908
-312 15292
19654 8380
19998 19998
19998 8728
9012 7088
2016 -2390
-9238 -4852
-8910 -8926
2594 2594
2594 -1828
-8426 -4036
3472 14434
23050 18722
23218 16498
12334 12334
23346 23330
12434 3852
5442 -1262
-5570 -1278
-5482 5514
-5414 -5414
5598 -1126
5682 5666
-5274 1430
-5274 -982
-5254 5742
-5214 5782
-5214 5798
5798 1474
-5210 1478
-5226 -5226
-5226 1446
5718 5702
5666 -5346
5666 -1054
4120 23682
12618 23630
23630 23614
12514 19186
12290 12290
12290 3708
-5946 742
-6078 -6078
3336 606
-7950 2812
-8192 -8192
2586 2570
2336 -8470
1844 1844
1844 -2390
1578 1550
1068 1052
-9998 -9998
-9998 764
496 -3750
-10822 -4262
-44 -6620
-11118 -6932
-11752 -974
-11752 -11764
-11966 -11998
-12604 -8386
-1826 -12632
-13154 -13170
-2670 -9230
-13448 -9258
-3208 -9780
-3412 -9972
-3412 -10004
-14792 -4042
-5962 8982
2422 6628
2226 8758
1754 5972
1754 8286
1300 -556
-16912 -12694
-16912 -12718
-17240 -10696
-6666 -17472
-7014 -11232
-7014 -11260
-7338 -13926
-7618 -14178
-7618 -7642
-18596 -7846
-18808 -18808
-18808 -8058
-18992 -19020
-8330 -14890
-19108 -8354
-8422 -12668
-8470 -8470
-19248 -15058
-9926 9212
-1514 5046
-1514 -1542
9324 9300
-1374 9404
9404 992
-8170 -8194
-18792 -8014
-8014 -14614
-18472 -11936
-7478 -11720
-7234 -18012
-7234 -13818
-5268 -11180
-4704 -11122
-15250 -11146
-4320 -6688
2856 13402
2856 9238
3476 13998
14428 3882
3882 3846
4516 2708
-1858 -8276
-12404 -6022
-1228 -7666
-11446 -900
-11446 -7354
-10834 -6742
-10250 -3832
-10250 276
-9956 -5864
1130 -9416
1130 -5320
1568 1546
-8700 -8734
2248 -1880
-8298 -8330
-7950 -7982
2884 -1244
-7662 508
9914 20428
10122 16540
10122 14218
20804 20772
10362 20908
20908 8548
-6932 -546
-6948 -2820
-6948 -2850
-7010 -2912
-7108 3438
3438 3408
-7258 -7298
3000 -7546
3000 -7576
-7800 -1412
2444 -3974
2444 -4012
-8552 -4452
1634 -4822
-9458 -3040
-9458 -9486
-9888 -9926
30 -6388
-10516 -10544
-10998 -6906
-11658 -5240
-1112 -7566
-1790 -12372
-2488 -13034
-2488 -8934
-13574 -9480
-3694 -10112
-3694 -3730
-14944 3770
12280 1734
464 5630
10246 3930
9706 5666
9706 9666
9102 -2996
-8286 -14568
-8286 -18640
-19004 -15004
-9122 -19474
-19702 -19702
-9380 -13452
-9636 -9672
-9852 -9852
-9852 -13930
-20328 -14076
-20394 -10072
-20394 -14148
-20414 -10128
-10044 -20366
-20366 -20402
-9928 -9962
-9754 -16036
-9754 -8046
7450 1134
-2598 1442
7724 3644
8136 4062
8522 -1800
8522 -3582
-18278 -18310
-17838 -13798
-7516 -13836
-17270 -13268
-16664 -16664
-6342 1654
786 7032
11714 7638
2008 8290
2008 1966
13062 962
-13644 -9604
-3322 -13678
-13074 -2792
-12418 -8378
-12418 -12456
-11830 -7826
-980 -5020
-11302 -7300
-10792 -10828
-10348 -26
-10348 -10382
340 -10022
724 -5558
724 -5592
974 936
-9118 -5078
-9118 -9156
1362 -970
18390 12108
18390 18350
18402 8046
18332 7972
7872 7872
18194 10130
-9330 -2968
454 -5692
454 -5730
52 14
-426 -6572
-10526 -462
-918 -4908
-11554 -7600
-1454 -1492
-12164 -12202
-2716 -12816
-12816 -2752
-3354 -13492
-4054 -10200
-14154 -10236
-4726 -8718
-5446 -15546
-5446 -9438
-6162 -12344
-6830 -10784
-6830 -13016
-7558 -17692
-8146 -8186
-18908 -12762
-8808 -14990
-19470 -13362
-9910 -13864
-20010 -20048
-20496 -12676
5790 5790
5790 -394
5420 5382
-4966 -5034
-4966 4880
4720 -12886
-11654 -15522
-21536 -11690
-11706 -17758
-21578 -17710
-11696 -11732
-11620 -15524
-21366 -21366
-21366 -17536
-11266 -15172
-10988 -10988
-10988 -14892
-20546 -20584
-20152 -10306
-19722 -19722
-19722 -19760
-19224 -15392
-8840 -12708
-18722 -11074
7972 -1946
8530 2516
8530 4624
9146 5242
-148 5866
9734 -4004
-1154 10364
7124 13138
17006 16968
7734 11566
18176 8294
17750 698
-7286 -3538
-6786 -6786
-6786 2848
3348 -472
-5910 3760
3760 -60
-5530 4102
-5192 4442
4750 4750
-4920 -4956
-4708 4926
-4560 1326
-4560 1290
-4472 -724
-4444 1442
-4444 -4480
-4496 -748
13444 20966
20966 17146
11136 11100
10904 14688
20574 16754
10620 6846
-5628 258
-5628 4006
3646 -174
-6472 -2688
3198 -6506
-6934 2698
2164 2164
-7506 2130
1628 1590
1000 -2784
-8670 -8704
414 -5508
-9894 -4046
-912 -10582
-10582 -4730
-1524 -5344
-11844 -2174
-2174 -8094
-2776 -8698
-13072 -13072
-3402 -7222
-4002 -7820
-14216 -10432
-4546 -4582
-14752 -11004
-15256 -11472
-15256 -15292
-15712 -11962
-6428 -16098
-16098 -6464
1578 9064
8804 5020
8804 4988
8580 4758
-1284 4602
-1284 -5056
-17290 -17324
-7686 -13608
-7690 -7690
-7690 -13608
-17038 -17192
-7518 -13278
-16982 -13310
-7430 -16928
-16736 -7272
-7272 -7306
-16530 -10804
-16280 -12576
-6816 -12610
-15986 -16022
-6150 -11910
-6150 -15646
-15256 -15286
-6702 10124
660 622
10628 4836
11076 11076
1612 1578
11576 -5278
-3564 -9324
-3564 -13064
-12472 -12506
-2476 -6210
-11474 -2010
-2010 -11510
-2716 10376
5100 10860
5100 5064
15106 11370
6100 6100
15564 8170
440 408
-8610 -8610
-8610 822
1242 1208
1610 -4150
-7854 -7886
1922 -1810
2162 -7302
-7302 2128
2412 -7086
-6846 2618
-6846 -1116
2748 -6744
-6624 -2920
-6624 -2956
-6552 -6580
-6548 2886
11064 14722
8962 18388
8864 14594
8726 14486
18190 18160
8560 1166
2236 -1468
2236 -3554
-7482 1950
-7794 -4090
1670 -4114
1410 -4382
1038 -2666
1038 -4754
-8848 -8882
140 140
-8266 -3402
-8558 -2954
-8986 -3350
-8986 248
-9352 -5762
-9862 -4226
-602 -9886
-966 -6636
-10780 -1546
-11204 -7580
-11204 -1970
-2378 -8050
-2998 -2998
-12258 -6648
-12700 -9102
-13142 -3882
-3882 -13170
-13618 -4384
-4792 -14052
-4792 -14080
-6496 9938
9516 5892
256 5866
-156 5450
8652 8652
-608 -2202
-6970 -10622
-7348 -7348
-16608 -11000
-16968 -7738
-17326 -11690
-17326 -13720
-8264 -13930
-17818 -8558
-17818 -12212
-8840 -18120
-18244 -9014
-18458 -9198
-18458 -14864
-9360 -13004
-18716 -15092
-18716 -9486
-9562 -13208
-10854 5608
-3652 1954
-3682 -3704
-3676 -3676
-3676 -3706
5630 -7230
-18796 -15172
-18796 -9556
-9484 -18778
-9318 -12942
-9318 -12962
-9210 -9232
-18332 -12696
-9072 -18354
-18170 -12566
-8634 -17894
-17894 -17916
-17692 -6890
-2232 -2252
7234 7234
-2026 7210
6264 3914
6466 2920
-2596 -606
-8200 -13736
-8002 -17064
-8002 -13542
-16806 -11314
-16528 -7466
-7466 -7486
-7232 -16318
-6932 -12448
-6932 -12472
-15682 -10186
-6356 -15418
-15418 -11896
-6024 -15110
-14750 -9234
-5688 -11216
-5536 -14622
-5188 -10704
-14250 -1710
990 10028
10402 4862
10750 7204
10750 7192
1846 290
-3640 -7186
-12702 -3664
-12360 -8826
-12208 -6692
-3146 -3170
-11876 -2826
-4162 -2536
-4162 -7658
-3824 -3848
-12354 -12354
-3486 -6970
-3336 -12228
-3012 -8408
-11880 -3024
-11732 -6360
-2546 -2546
-11414 -2558
-2408 -5892
-11140 -2272
-2272 -11164
-10846 -1994
-10660 -1816
-10390 -10390
-10390 -1534
-1398 -10278
-10156 -10156
-1288 -1312
-1036 -1052
-9762 -894
-894 -2876
4910 8358
13992 8596
5124 10508
5208 5192
5324 14192
14192 3810
-9176 -5716
-232 -9100
-1282 -3516
-9686 -6302
-9592 -9592
-9592 -6208
-820 -4228
-9406 -9406
-730 -9422
-9286 -5902
-9202 -9214
-9130 -454
-9130 -3862
-382 -9074
-286 -8962
-8962 -5578
-8898 1236
14098 8818
5422 8806
5474 5458
5550 8946
14226 5538
5582 4100
34 -3362
-8642 -3378
-8602 -8614
102 -5178
102 -8586
122 -1820
14410 14410
5734 9118
5750 9134
14430 5754
14430 11034
5754 -1012
-8514 162
162 150
-8526 -8542
134 134
134 -3262
134 -3274
110 -5182
-8578 98
-8578 -5198
-8622 -5226
54 -8622
54 -5238
26 -3386
-30 -3426
-8706 -8706
-8706 -3438
-74 -8750
-8750 6660
14122 14122
14134 14134
5458 5446
14082 10686
5406 5406
5406 2036
-8942 -8954
-322 -322
-322 -8998
-8998 -3730
-9062 -386
-9050 -9050
-374 -5670
-42 -5614
-42 -5212
-42 -3382
-8564 -8564
-8564 -8564
-70 -70
-70 -8576
-8588 -94
-94 -94
-94 -8604
-8632 -8632
-8632 -5308
-8632 -5308
-8620 -8620
-8620 -138
-166 -5336
-8660 -5336
-166 -5336
-150 -5336
-210 -3534
-210 -5380
-210 -2098
5272 10430
5216 8540
5216 5216
5232 10402
5232 10402
5232 1950
-222 -5404
-8768 -8768
-274 -5444
-8756 -5432
-262 -8756
-262 -3586
-246 -246
-246 -5416
-8740 -5416
-234 -234
-234 -234
-8728 -3574
-8796 -3626
-290 -5460
-8784 -3614
-278 -5448
-278 -5448
-8772 1158
5204 5204
13698 8528
13710 13710
5216 10386
13710 -1390
1920 5202
8526 5202
8526 8526
8526 8526
8526 5202
44 -1392
-13916 -13916
-13916 -5422
-13900 -13900
-5406 -5406
-13900 -10576
-13900 -5390
-13844 -13844
-13656 -10376
-13656 -10404
-5358 -5358
-13668 -10416
-5370 -5370
-13680 -10428
-5370 -8622
-13696 -8638
-13696 -10428
-5462 -10520
-5462 -10520
1732 3136
8182 -128
8182 3124
8170 -128
-204 4854
-204 -3414
-5566 -8818
-5578 -8830
-13888 -10624
-13964 -10712
-13976 -5666
-13976 -8918
-5678 -10720
-5782 -5782
-5782 -5782
-5806 -9058
-5818 -9070
-5818 -5806
-14236 -5926
-14248 -14248
-5938 -9174
-14388 -11136
-6090 -14400
-14400 -14400
-6114 -14412
-14542 -14542
-14564 -14564
-14564 -11300
-6388 -9640
-6408 -6408
-6408 -14702
-14890 -11638
-6600 -14910
-14910 -6588
-15058 -11794
288 1692
6750 1692
-1578 6748
6522 3270
6522 1464
6498 48
-15634 -7324
-15634 -12370
-15812 -7502
-15832 -10774
-15832 -15816
-7758 -12804
-16248 -11190
-16248 -16248
-7968 -16266
-8156 -8144
-16658 -8348
-8348 -13390
-18056 -8464
-9954 -9954
-9954 -18070
-10212 -15150
-18544 -18544
-10412 -13582
-3568 2756
-5406 -456
-5406 -444
-5604 2540
2334 2334
2334 -8928
-19358 -16164
-11414 -19546
-11414 -11398
-19786 -14824
-11840 -11840
-11840 -19960
-13106 -6770
1172 -2010
1172 -3766
-7124 1020
840 -10422
-20814 -12682
-20814 -17620
-12840 -16010
-12988 -12988
-21120 -17926
-13126 -21246
-13260 -18210
-21392 -18198
-13390 -18328
-13916 -21450
-13916 -21862
-21926 -21914
-14016 -14016
-14016 -17120
-22014 -21990
-14108 -17224
-14108 -18938
-22082 -22070
-15192 -9002
-9002 -4148
-9002 -8994
-8994 -4152
-8994 -5854
-1000 -15136
-14044 -17148
-13992 -18834
-21950 -17084
-21850 -18726
-13844 -13844
-21802 -21790
-21726 -16860
-21558 -16716
-13600 -21546
-21462 -13484
-13332 -21290
-21290 -21278
-21166 -21154
-13086 -13086
-21044 -13064
-12852 -15958
-20680 -20680
-11520 -12582
-18986 -14236
-11004 -14052
-11004 -18770
-18484 -13724
-18136 -13398
-18136 -15078
-17958 -13200
-9842 -9830
-17416 -9630
-17416 -17396
-17078 -12320
-2210 800
3848 -3926
-3722 4084
-3382 4404
-3382 1376
4744 -4342
-7718 -12456
-15504 -15484
-7388 -7378
-14994 -7208
-7208 -14974
-14670 -6864
-14356 -14356
-14356 -9598
-6260 -10978
-13750 -9012
-5964 -5944
-13470 -8714
-5434 -5434
-5434 -5414
-5174 -5154
-4934 -9672
-12720 -12702
-12506 -9438
-5560 516
8464 5416
678 698
854 5610
8786 1000
1000 2748
-3862 -6892
-11546 -11546
-11546 -6780
-11406 -11388
-3562 -8300
-3562 -3544
-11294 -3490
-11264 -8216
-3478 -6500
-3464 -3446
-3470 -3470
-11256 -442
1510 1536
9222 4484
9222 1454
9156 6134
1240 1240
1240 -1752
-3884 -3858
-11842 -7088
-11976 -7238
-11976 -4164
-12638 -9038
-5314 -9952
-12936 -5298
-13140 -13116
-5826 -8810
-5826 -8786
-13766 -10766
-13994 -6372
-13994 -13970
-14330 -9668
-14670 -7048
-7048 -7024
-15016 -1442
-2808 4814
-2808 200
4466 4488
-3472 1166
-3472 -3450
-3786 -9692
-16646 -9024
-9024 -13640
-9324 -9302
-9612 -12574
-17510 -14526
-17510 -14504
-17778 -17750
-18082 -18082
-10460 -15076
-10694 -15312
-10886 -13870
-10886 -18480
-18754 -11110
-18920 -15936
-18920 -11270
-11480 -19082
-19206 -14568
-19206 -16196
-19324 -11682
-11766 -14750
-19388 -11738
-19444 -16434
-19458 -11836
-11836 -11810
-11822 -19426
-19414 -19414
-11792 -19388
-19336 -19312
-11606 -13272
1056 -1928
1056 -6542
1220 -3394
-6218 1404
-6218 -3204
-5952 -8874
-10610 -13594
-18232 -10586
-17970 -13304
-10012 -17634
-10012 -9988
-17324 -17302
-17020 -14036
-9398 -9370
-16626 -8976
-8584 -8584
-7818 -13124
-7470 -14904
-14516 -7056
-7056 -14490
-14098 -11152
-6222 -6222
-6222 -6198
-5838 -4550
-628 6856
7204 7204
-256 7234
7652 3136
544 3464
544 -2310
-11330 -6768
-11040 -6500
-11040 -11012
-10692 -3204
-2920 -2920
-10380 -4556
2122 9608
2360 2360
9820 2386
2590 5540
10260 10260
10260 4482
-1860 -1836
-9200 -6280
-1740 -6252
-9100 -6152
-9036 -9036
-1576 -4468
-1560 -1534
-1570 -9030
-9030 -6084
-1616 -4510
-9158 -1670
-1818 -6358
-1818 -4714
-9410 -9382
-9594 -5054
-2134 -5028
-9798 3492
9680 9680
2220 6788
1948 1974
1666 6206
1666 9152
8828 134
-3770 -8310
-11230 -8284
-11566 -11538
-4472 -11932
-4472 -7364
-12312 -7744
-5238 -12698
-5238 -9752
-5604 -5576
-5994 -10534
-5994 -5966
-6382 -9276
-14196 -9628
-7110 -10030
-14570 -10004
-7500 -11906
-7824 -15124
-15124 -12242
-15410 -12528
-15676 -15676
-8376 -11202
-15942 -13060
-16160 -8860
-16160 -13276
-16354 -13474
-9200 -16500
-16500 -16472
-9338 -9310
-16734 -9434
-16734 -11034
2500 2528
-4832 -388
2468 2496
2472 -1946
2510 2510
-4790 -5992
-16694 -16668
-16584 -13700
-16440 -9140
-16440 -11968
-8948 -11778
-8740 -13184
-8740 -8712
-8490 -15762
-8208 -8208
-8208 -12626
-7920 -10748
-7382 -10352
-7382 -10152
-7026 -11348
-13824 -13824
-13824 -13798
-13460 -730
5828 3030
5828 5854
-930 -904
6608 2260
-538 2288
7036 -1292
6254 9012
11810 4692
5092 9466
5486 8310
5874 5874
5874 346
-5458 1714
-5092 -5092
2054 2080
-4742 -4714
-4388 -4388
2758 -1564
-4072 302
3358 3358
3358 -3760
3650 3676
-3266 3880
-3266 1108
4100 -220
-2858 -2858
-2836 1600
4304 1596
-2544 4442
4442 1734
10586 13314
16084 11832
9098 16110
16118 13410
16124 3728
-2382 4604
4604 1896
4542 -2416
4450 -2536
4450 4474
4336 -2624
-2796 4190
4190 1482
4014 -212
3812 3812
3812 1104
3594 -3366
-3644 608
-3644 -884
3076 -3884
2796 2796
2796 2822
-4492 2518
2206 -4780
-4780 2232
1882 -826
-5436 1550
-5436 -1160
-5750 -1472
896 -6090
896 -6064
556 582
218 244
-116 -2850
-7102 -7078
5632 11094
3764 8016
3764 10774
10470 6246
3172 7424
3172 -2240
-8566 -8540
-8822 -4570
-8822 -4546
-9034 -9010
-9230 -4978
-9230 -9204
-2434 -9396
-9574 -9574
-9574 -2562
-9704 -2694
-9808 -7074
-2822 -2796
-9880 -7120
-2948 -9934
-2948 -2922
-2970 -7200
-2956 -5666
-3860 4310
1576 4338
8412 1614
8472 8472
1630 1654
1720 3262
-9426 -6748
-9426 -9402
-2454 -6592
-2284 -6448
-9126 -4940
-8956 -6254
-2830 6654
2490 5190
2702 2730
2988 7152
9830 7174
3234 616
-882 -882
-7724 -7702
-606 -7424
-7136 -2972
-294 -4434
34 -2620
-6474 388
-6186 -6186
-6186 -3484
1006 -1646
-5454 -2776
1388 -1270
-5152 -2454
1992 1992
1992 2018
2374 -282
2700 22
-4142 2720
8916 10100
7788 11952
14630 14652
14934 14956
15230 12552
8388 3090
-2572 -2550
-2300 378
4542 402
4820 4836
5000 -1842
5000 5024
5250 2596
-1362 1340
5684 5684
5684 5702
5830 1690
5986 3308
-856 3326
6100 3446
-622 2056
-622 -602
6296 2156
-466 -466
-466 -446
6420 -404
6438 6438
6438 2300
-402 3782
-426 6416
6340 6412
6350 6368
-358 -358
-358 -338
6312 -360
5358 10564
17256 14656
10500 10520
10418 17130
17010 14390
17010 11824
5896 1846
5752 5752
-940 3152
5606 -1066
5444 5444
5444 -1232
-1388 1252
5112 -1580
-1580 1062
4898 2292
-1946 674
4746 -1924
-2188 -2166
4258 -2434
-2434 200
4086 -2584
3826 -246
-2866 1222
2726 14646
14352 11732
7660 10294
7474 14190
7174 9794
7174 4602
2680 2696
-4222 -126
2170 2170
2170 -1888
1986 -618
1782 -2290
-4910 1798
-5110 -1014
-5394 -1322
1298 -1306
1106 6328
11924 7852
5232 9320
5050 5066
4878 8950
11570 8966
11404 -478
-6448 244
244 -6430
74 90
-6752 -60
-6752 -6736
-6888 -178
-7018 -7018
-7018 -7002
-7130 -7114
-7228 -3138
-636 -636
-636 -3238
-314 -3306
-416 -416
-416 -2972
-7014 -6996
-560 -560
-7110 -2000
10130 10148
10058 7494
10058 3524
3462 10022
9980 7416
3430 4902
-7360 -7342
-7386 -7386
-836 -7376
-846 -4816
-842 -7392
-7392 -832
-832 -3378
-7352 -802
-7352 -3348
-764 -4742
-734 -716
-7224 -7224
-674 -3228
-632 -614
-7090 -3104
-7090 -7082
-7042 -4468
-6982 -4418
-432 -4400
-314 -2868
-6966 -284
-558 -6948
-6878 -2968
-6828 -6828
-6828 -4312
-362 -4244
-248 -6656
-6656 -238
-172 924
10440 4032
4032 6558
4176 6692
10662 6762
10662 8164
10750 5774
316 -2182
422 422
422 -5968
-5806 -3288
-5692 -5692
716 -3176
-5598 820
928 -5480
928 -1570
-5352 1066
-5230 -1330
1178 1186
1288 1298
1422 1422
1422 -2468
-4854 -2336
1694 -814
914 6532
11322 11332
5172 11446
11446 9000
5296 5306
11700 7882
11700 6830
1496 1506
-4640 -812
-4508 1766
1766 1776
1904 6792
6078 9896
6078 12362
12494 12502
12614 6340
6340 12614
12636 3950
2472 16
-3802 -1336
-3656 -1190
-3508 -1052
-3508 2766
2788 2798
2938 2938
-3336 492
3088 3098
-3036 -3036
3238 -580
-3012 816
3412 3412
-2862 -396
-2710 1108
-2688 -2688
-2688 1140
3738 8626
7922 10378
7946 10402
7946 7956
14370 10552
8118 14392
14392 9524
4236 -2028
-1890 -1890
4384 4384
4406 -1858
-1720 2098
-1720 -1720
4576 -1688
4724 4724
4724 -1550
4744 936
-1384 -1384
4890 -1384
-1360 4914
-1340 4934
4934 4944
5074 2618
-1176 2642
-1176 2652
5238 2782
-1014 2804
-994 -994
-994 5290
-1702 -858
4462 726
-1678 726
4484 2090
4628 2224
-1512 -1512
-1490 7020
14760 11024
8620 11034
8760 8760
8784 11188
14924 12520
8806 7768
4878 4878
4878 2484
5016 2612
5040 -1100
5040 5040
5058 -1082
5082 1346
-1058 5082
5102 2698
5126 -1014
5146 -994
-994 5156
-862 1542
5302 -838
-838 5302
5324 1588
-798 2938
5342 6380
15448 9308
9332 15472
9332 9332
9350 15490
15510 13106
15510 10736
7002 9372
11796 11796
5656 9392
5676 9412
11836 8100
5696 7062
1768 -1968
-4352 -616
1788 1788
-4336 -600
1824 -4326
1738 -1998
1738 -666
-4382 1758
-4362 -4362
1778 -1958
1794 -1942
1814 -4326
-4326 -1922
-4304 -4304
-4284 -4284
-4284 1846
1768 1768
7098 5732
5732 11872
5752 5752
11914 11914
4834 11746
4738 66
892 -1458
-5114 -5114
912 -5104
-5190 -2840
816 -1534
838 -5168
860 -1500
764 -1586
-5242 -5242
-5222 784
-5200 -1544
-5200 796
710 -2946
730 730
730 -2936
632 -1718
656 656
-5350 -5350
-5328 -1680
-5402 604
-5402 -1746
-5382 614
-5478 -3128
528 -5478
550 -3116
452 -1898
452 -3204
-5532 -1886
376 376
-5630 -5640
5478 4144
4166 6516
4166 10162
4066 7722
4088 3064
-5860 -5860
-5860 -2214
-5960 -5960
-5938 -2282
-5938 -5948
-6036 -2390
-6136 -3786
-6136 -2480
-6114 -2466
-6190 -184
-6190 -6200
-284 -2644
-6390 -4040
-384 -4040
-6368 -370
-6442 -2786
-436 -4102
-536 -6552
-1440 9238
9238 3232
3254 3244
9160 6810
3154 6802
3080 4404
-888 -3246
-964 -964
-6970 -3324
-1794 -4774
-7762 -1884
-1884 -7770
-2738 5400
1744 4044
7622 7614
7556 5246
7466 3888
1588 2888
-8134 -8144
-2342 -8220
-8220 -8228
-2408 -4716
-2470 -8348
-2470 -4780
-8430 -6138
-2612 -2612
-8490 -4922
-2694 -8580
-8634 -2756
-8634 -2764
-2814 -5124
-2888 -5204
-3016 -8894
-8894 -6602
-8950 -8960
1946 638
638 4208
6466 2880
6414 4114
536 6396
406 -594
-3724 -3472
-9476 -5986
-3768 -6036
-3846 -6098
-3846 -7354
-9632 -9640
-3906 -9658
-9658 -6174
-3976 -7484
-4002 -9754
-9754 -4018
-9808 -9816
-4082 -7582
-4082 -6342
-4098 -6366
-9896 -7652
-4160 -6412
-9912 -4176
-4196 -6456
-9964 -9964
-9964 -4228
-9990 -4254
-10006 -7754
-10006 -7760
-4260 -10028
-4266 -4266
-4266 -10026
-4274 -4290
-4272 -10024
-10024 -10038
-5042 -576
5186 1686
5238 -666
5282 -360
5318 5318
-310 -2498
-3898 -9542
-3840 -6044
-3840 -3846
-3822 -9464
-3772 -5992
-9332 -9332
-9332 -3718
-3650 -5868
-9212 -9212
-9212 -3598
-9140 -3526
-3444 -9072
-9072 -6882
-9000 -3386
-3290 -3290
-3290 -5508
-8840 -8854
-3880 6126
6126 3908
6214 2778
6288 660
660 2850
6380 -3640
-8408 -6204
-8408 -6218
-2680 -6124
-2532 -8160
-8160 -5968
-8074 -8088
-2346 -4550
-2346 -5782
-7886 -7906
-7724 -2110
-1988 -7616
-7616 -1046
7354 3910
7522 7522
7522 5306
1986 7596
7764 5560
7764 1168
-1376 -1394
-1226 -1226
-1226 -1238
-1132 -6778
-6610 -4406
-982 -4424
-6460 -4268
-740 -6368
-6368 -4182
-6220 -6238
-6074 -6074
-446 -3882
-358 -3800
-5844 -3640
-216 -2438
-76 -92
-5584 4404
9426 9426
3798 3782
4218 9408
4314 4314
4314 7650
4408 5612
956 -2396
956 -1214
1034 -2334
1116 -1038
1116 -4406
-4320 -982
-4258 -2104
1248 -4280
-4174 1316
-4118 -4118
-4118 1374
1430 -1942
-4022 -670
1484 -1884
-3978 -3998
-3938 -586
1568 -600
-3916 -584
-3892 -1752
1618 -3888
-3888 1598
1624 -548
-3882 -3882
1624 1604
1614 -1750
1602 -3904
-3904 -1770
-3934 -3952
1536 -1816
-3970 2450
5048 10536
10500 10500
10500 7132
10450 10428
10366 10366
10366 558
1242 -4280
-4338 -4338
-4338 -4360
-4442 -1106
-4530 -1178
-4530 -2392
882 -2490
764 -2608
-4878 628
628 612
-4986 -5006
380 380
-5126 360
-5280 -3144
82 -3270
-5424 -5442
-66 4198
3314 3314
3314 3296
3154 6486
2972 5126
8478 2954
8314 -1498
-952 -4304
-6566 -3082
-1350 -4650
-1546 -1546
-1546 -1564
-1724 -828
6978 3698
1588 1568
1386 4648
1206 4464
6374 3094
984 -3226
-8054 -2682
-8232 -8232
-2842 -6142
-8430 -8450
-3236 -6516
-3236 -6536
-8820 -5558
-3598 -6878
-3598 -3618
-9176 -9194
-9340 -7230
-9340 -7250
-4126 -6254
-9672 -4282
-9672 -4302
-9840 -4470
-4614 -10004
-4614 -2550
4102 4080
3938 658
-1452 -1470
-1576 -1596
-1714 -1714
-1714 -536
-5308 -10716
-10806 -5436
-10918 -7638
-5528 -8828
-5628 -8928
-5720 -5720
-11110 -7850
-5808 -7938
-11268 -9158
-5878 -5898
-5950 -5968
-5994 -8104
-5994 -9294
-6040 -11450
-11468 -8188
-11468 -8208
-11498 -6128
-11518 -8238
-6128 -6148
-6130 -8260
-6124 -9404
-6124 -11534
-11506 -9416
-6094 -9374
-6094 -6114
-6054 -11464
-6016 -11426
-11352 -11352
-5962 -7180
2932 2860
3002 -2272
-2272 -228
3082 -2212
-2108 -2108
3166 -3018
-5412 -5432
-5312 -5312
-5312 -7396
-5206 -5226
-10364 -8300
-5090 -7174
-4968 -8198
-4842 -8052
-10116 -8072
-4708 -7938
-4570 -7780
-9844 -7798
-9720 -9740
-9576 -4302
-4302 -9596
-4152 -9446
-4000 -5192
4822 4822
-452 4802
4978 2894
-140 5134
-140 -160
18 -2038
4558 6596
3386 5430
8818 3524
8784 8908
3622 8766
3756 -278
584 -1436
-4578 -1456
732 -4448
858 -1162
858 -1182
1000 -4182
-4022 -4022
-4022 -4040
-3902 -780
-3774 -632
-3774 -3794
1514 -1646
1618 -422
-3426 -284
1736 -1426
1844 -1316
1930 -90
-3232 -3252
1332 10490
5422 8564
10584 8544
5508 7508
10736 8716
5574 1542
-2854 -854
-2796 2366
2366 326
-2746 -744
-2716 -696
2370 480
-2654 -692
2422 -652
2422 424
2442 -2628
2450 -2602
2450 -644
2446 2428
2444 -648
2426 2426
2426 -668
2398 402
2372 2372
2372 -720
-2724 330
-2768 -790
2284 -808
2226 2208
2168 -2884
2168 -2902
-2950 2082
-3040 -3040
2012 16
-3118 1916
6216 8166
5092 7052
10048 4978
4894 4894
4894 9928
9842 2822
1424 -3628
1424 -3646
1308 -690
1170 -3882
1170 1154
1052 -4020
-4152 -1094
780 -1198
780 -1216
-4416 618
488 -1490
-4564 -4582
336 316
162 162
-4890 -2930
-5046 -12
-5210 -5210
-5210 -174
4074 7982
7818 4744
2766 5822
2598 4558
2432 5506
7484 -1510
-5998 -964
-1116 -3094
-1116 -3114
-6358 -1320
-6484 -6484
-6484 -4526
2752 1612
6534 1462
1292 1292
1292 6328
1358 2302
-6906 -4972
-1964 -4990
-2128 -5152
-7208 -2266
-7208 -2284
-2426 -7386
-7524 -7524
-2582 -5604
-2698 -5724
-7786 -7786
-7786 -4796
-7934 -7948
-8044 -3102
-8044 -5050
-8150 -8170
-3360 -5294
-3360 -5308
-8398 -5406
706 -392
-392 2596
-532 1386
-632 4294
-736 2272
4206 -2662
-8950 -8966
-9040 -7106
-4098 -9056
-9126 -7204
-4244 -6178
-4244 -9204
-9276 -9292
-9344 -6336
-4402 -4420
-4480 -9434
-9464 -7530
-4522 -4540
-9528 -6534
-9574 -9574
-9574 -6584
-4690 -6636
-9660 -7726
-4718 -6670
-9702 -7782
-4782 -6716
-9724 -9738
-9746 -9766
-4832 -4846
-9788 -4846
-4846 -7868
-4852 -6800
-9800 -9800
-9800 -7880
-9798 -4870
-5518 3268
3268 1318
3276 254
3294 3294
3294 270
3310 -5490
-4788 -4788
-4788 -7812
-4758 -4772
-4728 -9670
-4752 -6576
-9568 -6634
-9554 -7662
-4718 -6624
-4688 -7648
-4654 -4654
-9490 -6556
-9470 -6542
-4588 -7548
-4542 -4542
-4542 -9388
-9346 -6418
-9290 -6346
-9290 -4466
-5064 -1318
3598 654
3598 644
-1200 1728
3704 760
3704 -4906
-9030 -7150
-4140 -4140
-8976 -8992
-8896 -4072
-8838 -6946
-4002 -4012
-3952 -5856
-8730 -5786
-8730 -8748
-3792 -8638
-8574 -6682
-3738 12
-562 2370
-494 -494
-494 4330
4412 1456
4482 -4128
-8230 -8230
-8230 -8242
-8160 -3336
-3250 -8086
-8086 -3262
-3176 -8024
-7936 -3100
-3100 -6056
-7860 -5980
-7784 -4840
-7784 -7796
-7706 -7718
-7628 -5736
-2792 -7640
-7552 -2724
-7506 -5614
-2670 -7518
-7428 -3678
600 600
600 588
678 3608
772 3716
772 2658
802 1864
-2230 -4136
-6972 -5080
-2136 -5086
-2522 -3900
-7162 -7162
-7162 -2436
-2400 -5292
-2324 -4176
-7056 -5218
-2232 -4090
-6934 -4054
-6934 -6948
-6842 -3968
-6814 -3934
-2082 -4974
-6738 -3866
-1962 -4842
-6694 -3820
-1934 -3800
-1844 -3696
-1844 -3702
-1814 -1828
-6460 -1728
-6460 -3586
-1700 -6438
-1672 -3538
-1584 -6316
-1584 -6324
-1544 2132
1532 6264
1532 3370
1616 3462
1642 3494
1642 3486
1682 2726
-6376 -4144
-6376 -6382
-6350 -4552
-6266 -4454
-1636 -6272
-1606 -3426
-6198 -6198
-1568 -6204
-6172 -6180
-1500 -3312
-1500 -6136
-1474 -3294
-1436 -1436
-6066 -1442
-6042 -4238
-6002 -4196
-5976 -3158
-1346 2250
6288 1650
6328 6328
6328 6320
1736 4548
1758 6388
1758 966
-5818 -4012
-1166 -3984
-1166 -1174
-5758 -5764
-1108 -2920
-5738 2486
6540 4722
6562 6562
1486 4778
1522 4280
6036 4262
6036 732
-5916 -1392
-1346 -1346
-5878 -1352
-5854 -5854
-5870 -3120
-1300 -3074
-1300 -4064
-5812 -3062
-1244 -4002
-5776 -3018
-1256 -5794
-1234 -3008
-5766 -4000
-5734 -2976
-5746 -3972
-5746 -5754
-1180 -2194
6290 3532
6290 1758
6272 1732
1776 3550
6308 1776
1762 6
-5664 -1132
-5664 -5672
-5632 -2874
-5644 -1112
-5644 -3878
-5612 -2854
-5626 -2868
-1094 -3858
-5604 -2846
-5618 -1094
-1052 -3810
-5584 -2826
-5598 -3824
-5612 -5612
-5612 -3846
-1046 -2820
-1060 -3818
-5592 -3824
-5574 -1042
-5584 -5584
-5584 -2826
-1066 -1074
-1036 -1036
-5568 -1036
-5582 -5582
-1060 -2834
-1060 -1068
-1030 -3788
-1044 -3802
-5576 706
6388 6380
1886 3660
1886 3660
1876 4634
1862 112
-5598 -2840
-5598 -2846
-1418 -5462
-1432 -1432
-1432 -5866
-1446 -4144
-1460 -4158
-1460 -3196
-1474 -1474
-5926 -5926
-5926 -4190
-5940 -4210
-5914 -3216
-1480 -4178
-5932 -3234
-1512 -5946
-5946 -5946
-1526 -774
1312 5746
1312 4010
1298 1298
5718 3020
1284 5718
5702 2252
-4914 272
-1476 -1476
-1476 260
2942 -1492
-1508 2926
-1508 -524
-8810 -4376
-8826 -8826
-4392 -6128
-4406 -6142
-4422 -6158
-8856 -7114
-8912 -4478
-8928 -7192
-4494 -7192
-4510 -6246
-4524 -7222
-4524 -6260
-4538 -8972
-8988 -4554
-4554 -8988
-4572 -7262
-4642 -6378
-4642 -9076
-820 2630
2614 -84
-1834 2600
2600 2608
-1906 -922
-9212 -7476
-9212 -6514
-4792 -6522
-9286 -4852
-4852 -4852
-9302 -9302
-4884 -4884
-9318 -6612
-4958 -7656
-9408 -9408
-9408 -7672
-9424 -6720
-9484 -6786
-5412 -6672
-5428 -8062
-5488 -8128
-5488 -9826
-5504 -8144
-9858 -5520
-5520 -8152
-5594 -7292
-5608 -8240
-5682 -8322
-5682 -10020
-5698 -5692
-10094 -10094
-5756 -8396
-5772 -10104
-5830 -5830
-10168 -5822
-6482 -1408
1216 -1424
1216 -476
-3178 -3178
1144 1144
1144 -6562
-10398 -8694
-10454 -10454
-6116 -6116
-6132 -6124
-10538 -8840
-6200 -10532
-6254 -7952
-10606 -6268
-10606 -6260
-6336 -6330
-6390 -10728
-10728 -6384
-6442 -9082
-6454 -9086
-10860 -6522
-10860 -9156
-10910 -8262
-2872 504
-3834 -2136
-3850 -3844
438 -1260
-3900 -2196
-3946 -2976
-11136 -11136
-11136 -6792
-11182 -9478
-11226 -11226
-11226 -11218
-11280 -8634
-7564 150
-4188 -1542
-4232 -1584
58 -1640
-4280 -4274
-4316 -5046
-7148 -7148
-11486 -11480
-11524 -8876
-11566 -8920
-11600 -11600
-11600 -7256
-7344 -11518
-7364 -9026
-7364 -9944
-11632 -7378
-11652 -9066
-11652 -9060
-11672 -7418
-11686 -10024
-7438 -9086
-7456 -11698
-7472 -10058
-11720 -11714
-8048 -490
-4752 -3090
-504 -2160
-512 -4748
-4762 -3100
-514 -8060
-7504 -10084
-11752 -9166
-11752 -7492
-11748 -10080
-7494 -10074
-11736 -7488
-11736 -11724
-11724 -11718
-11710 -9124
-7462 -7450
-7444 -11686
-7424 -10010
-11672 -11666
-11660 -11648
-7122 -7314
-11278 -8742
-11252 -11240
-7040 -8666
-7040 -11190
-11164 -6998
-11118 -8588
-11118 -6950
-11052 -11046
-11016 -11016
-11016 -11006
-6798 -9322
-6758 -8384
-6758 -10902
-6684 -8298
-3004 232
264 -3892
264 -1350
-3808 -2172
-3734 -3734
422 -4424
-6316 -10462
-6238 -7864
-10394 -10388
-10340 -8704
-10254 -6098
-10254 -7714
-6012 -6000
-10066 -7536
-10066 -7526
-9978 -5812
-5728 -8258
-5314 -9780
-5216 -6798
-9188 -6712
-9188 -7586
-9090 -9080
-4924 -6516
-8992 -8982
-5368 280
1960 -506
2062 470
-2006 480
2164 -990
-8504 -6028
-8504 -6018
-4336 -8388
-4182 -4182
-8250 -4174
-8166 -5680
-8066 -6474
-3998 -5580
-7964 -6358
-7830 -5354
-7830 -6228
-3664 -2086
3102 -966
3102 3116
3232 766
-740 1736
-740 3340
-628 -3780
-7220 -5628
-7220 -3138
-3030 -3022
-2954 -4546
-7022 -2940
-2838 -4418
-2736 -5202
-6722 -4246
-2654 -6710
-2558 -5020
-6520 -2452
-6520 -2444
-6456 -6444
-2304 -6372
-2304 -4766
-6278 -2198
-6198 -2130
-2130 -548
4632 4644
638 3114
638 4718
4768 712
4834 2358
766 92
-5858 -4254
-5804 -1736
-1736 -5792
-5748 -3260
-1636 -4112
-1636 -1624
-1592 -5644
-1544 -1534
-5582 -3990
-5582 -5570
-1432 -5462
-5398 -2976
-5398 -3830
-1408 -2950
-1404 -2962
-1404 -2952
-1400 -2944
-5386 -5386
-1406 -2954
-5396 -1402
-1428 -5408
-1428 -2972
-1450 -5416
-1474 -3896
-1474 -3022
-1500 -5468
-5510 -5510
-5510 -5496
-5550 -2442
4934 3376
954 4948
906 4898
858 874
4770 3212
790 -2294
-5810 -4240
-1884 -1884
-1884 -1868
-1966 -5934
-6012 -3590
-6012 -4442
-6082 -4510
-2182 -6162
-6162 -4590
-6250 -4680
-2346 -4768
-6326 -2332
-6418 -2424
-2532 -6512
-2532 -6498
-6608 -5036
-2726 -6706
-6706 -1176
3728 1320
-352 -352
-352 -336
-468 1102
-560 -2082
-3238 -5660
-3238 -3226
-3332 -4876
-3436 -5858
-7416 -4980
-7522 -434
-1072 2908
2908 2922
-1176 1260
-1278 280
2702 296
2588 -2916
-8036 -6478
-4056 -8024
-8124 -8108
-4252 -6674
-4266 -8152
-4358 -6714
-4444 -8338
-4444 -8324
-8420 -8406
-4606 -8500
-8500 -6962
-8578 -7040
-4756 -4742
-8722 -8722
-4828 -8708
-4890 -6400
-8844 -7320
-4950 -3430
1392 -2488
1338 -186
-2556 -1018
-2604 1304
-2646 -276
-2646 -4138
-9078 -6694
-5218 -7588
-9112 -6728
-5246 -9124
-5266 -6790
-9160 -9146
-5284 -7640
-5288 -6812
-9182 -7644
-5294 -5280
-9186 -7662
-9186 -9172
-9178 -6794
-9164 -9164
-9164 -5256
-9144 -7604
-9116 -9102
-9082 -6712
-9082 -6698
-9050 -6666
-9004 -5110
-9004 -5096
-8954 -7414
-8896 -7372
-5002 -7358
-4940 -7296
-8774 -7250
-4880 -4866
-4810 -3288
-2216 1678
1678 1692
1756 246
1842 -528
1842 -2038
-1960 -4976
-4372 -8266
-4372 -6726
-8156 -4248
-4160 -5684
-4160 -4146
-4054 -5562
-3932 -6288
-7712 -3818
-3818 -7698
-3598 -5162
-7294 -5802
-3482 -5788
-7174 -5668
-3242 -5562
-3242 -3228
-3118 -4596
-2994 -2994
-2994 -1504
3412 1934
3540 -272
3540 1234
3666 1360
3794 3794
-18 -650
3290 4778
6386 2574
2574 4908
6512 6526
2828 2828
6640 1370
518 -3280
642 -1664
766 766
766 -3032
886 900
-2806 1006
-2806 -1300
-2688 1138
1240 -2572
-2572 -236
1362 -116
-2312 1484
1418 -2298
1520 -736
-2110 160
1620 1634
-2010 274
1312 6484
4214 6496
8020 5766
8116 5846
8116 4398
8188 3840
2136 2136
2136 2150
-1522 -1508
2276 -1440
2334 -1396
2334 2348
2394 2408
2448 988
-1282 2462
-1238 236
-1194 -1194
2536 2550
-1156 2588
2606 336
2606 2618
-1100 374
2650 1190
2650 1204
2664 408
2672 2672
2624 1264
2632 -1006
-1018 -1018
-1018 424
-1016 424
-1022 406
2628 1216
-1036 -1024
2598 1184
2086 8574
4924 6364
4896 8558
4870 7092
4870 7108
4832 4228
2450 2450
2450 -1186
2404 988
2362 140
-1288 152
2316 902
-1394 2256
2256 -1380
2196 2208
-1510 -1510
-1510 724
-1570 -1556
2010 -212
-1640 2024
-1712 -1698
1858 1858
-1792 442
1790 374
4874 5490
7712 4076
3978 7640
7552 7566
7466 6038
7466 3210
1400 1414
1310 -912
-2340 1322
-2422 1240
-2504 -282
1146 -1062
560 3410
6964 6964
6964 5550
6868 5452
3136 3136
6786 1738
706 718
-3028 -3028
-3028 -792
528 540
-3204 -3204
446 -1764
364 376
-3366 -1938
284 -3354
204 -2004
-3534 -2096
-3600 50
-3600 -2160
112 -16
26 -1374
-3548 -1364
-3608 -1422
-590 5762
2188 2202
5684 2122
2044 2044
5618 4228
1990 1398
-3938 -2538
-3938 -2526
-4000 -1814
-482 -1882
-4056 -1872
-4102 -516
-4150 -1976
-576 -564
-4198 -4186
-672 -2846
-672 -662
-4280 -4268
-744 -2908
-4348 -774
-774 -4336
-4382 -798
-830 -2230
-4404 -4390
-4434 -2250
-4452 -3052
-878 -4442
-896 -4458
-4486 -3086
-912 -902
-4494 -908
-924 -924
-4498 -914
-4506 -2322
-934 -4508
-934 -2324
2160 1376
1370 3544
1370 4954
1380 1390
4964 1390
1390 -1376
-886 -3050
-4438 -852
-4414 -2240
-4414 -2230
-4392 -810
-4368 -2194
-794 -782
-758 -748
-726 -2126
-4300 -2892
-696 -684
-650 -4224
-4224 -2038
-4174 -4166
-566 -566
-4140 -554
-512 -4078
2622 5400
1692 5334
1740 5242
5272 3146
1778 5284
5334 -870
-368 -2494
-3862 -2486
-3816 -3804
-258 -1618
-210 -2336
-3704 -2328
-3650 -3642
-3600 -3600
-106 -94
-3526 -1392
24 -3470
24 1384
5836 5844
2398 5892
5892 3774
5954 4594
6014 3888
6014 3306
-3148 -1014
-3088 406
406 414
-3022 -3014
-2956 -830
538 -2946
618 -742
684 -2810
684 694
-2726 776
834 -534
-2660 -1282
-2574 928
-2504 -374
-2462 -336
1032 -2452
-2376 1718
3440 5566
6934 3450
7020 5662
3614 5740
7108 5744
3658 2316
1480 -646
-2014 1490
1568 1574
-1866 -498
-1866 -490
-1794 -420
-1736 1758
-1736 -1728
-1662 1842
1920 552
1920 -1570
-1530 1974
-1442 -1442
-1442 690
-1384 752
2196 74
2238 2238
-1256 -1252
1994 928
2080 2080
2080 746
-1298 794
-1212 2208
-1212 132
-1156 -1152
-1116 -1116
2304 2314
2388 2392
2428 2428
-992 1674
4686 6034
4766 4766
8186 8190
4806 8232
8278 8278
8278 5622
2694 618
-674 -674
2746 -664
-594 1492
2864 788
2914 2914
2914 -502
-472 1616
-422 1660
2998 -418
-386 958
3080 3080
-340 -336
3114 1038
-458 1054
-458 -454
-420 2190
8474 8474
5128 7168
5164 8516
8554 8554
8554 6522
8588 4680
-214 1822
-214 1826
-182 1134
3210 1900
-136 1906
-92 3826
8786 8792
8828 7518
5482 5486
8856 5510
8864 7554
8864 4956
54 2096
3440 94
94 3444
124 2160
3474 128
3474 3480
3514 3518
3542 196
3542 3548
3574 228
3584 1548
3346 2280
110 2106
140 140
3414 2132
3422 3428
3458 1466
184 4020
8876 7594
8880 6892
8906 6914
5632 6914
5642 4382
292 2284
3566 296
314 3588
3594 2312
320 1608
3628 2346
3632 1640
358 1646
3662 1670
3666 3666
3666 1678
3690 2408
420 3694
3694 420
426 1714
450 2442
450 3724
456 462
3756 482
482 2474
486 2478
3766 492
492 496
510 1792
3790 516
3794 520
3794 2518
542 1824
3820 3820
3820 3094
5928 7216
9224 7232
9224 9224
5956 7948
9234 7952
5960 5404
578 582
594 2586
3868 1876
598 2590
598 598
598 1880
3878 3878
608 1890
3882 3882
3882 1890
614 3888
614 620
3904 2622
630 1912
3904 2622
3904 3904
3766 4382
9038 7784
9038 7088
5834 7088
9042 7092
9042 5838
5844 4606
1388 3880
3880 3880
7088 5834
7094 7094
3890 7094
7094 3348
-1372 -1372
1832 -1372
-1372 578
1838 1838
-1366 584
-1360 1838
-1378 -124
1826 -124
1832 -118
1838 584
1838 -112
1838 584
1842 588
1842 588
-1362 -108
-1356 -108
-1368 -1368
-1368 1836
1406 3898
7108 5158
3904 5854
3904 5154
3900 3900
3900 1408
1838 -112
1842 -1362
-1362 -1368
1832 1832
-1372 1832
-1372 -118
1836 -118
-1376 -1376
-1376 1828
1832 1832
1832 -124
1822 -1382
1822 568
1826 -130
-1388 -1388
1816 -134
1816 -134
-1384 -130
1820 562
1812 -138
1816 562
1816 -140
-1398 -1398
-1398 -1398
1806 -1402
-1402 -1402
-1402 -1402
-1438 -1408
-1448 456
4394 3694
3694 4922
3694 5600
3690 4918
3690 3690
6828 1246
-1472 434
1656 -254
-1482 1656
-1476 1656
1646 -264
1646 1642
-1502 -1502
-1496 -268
-1496 -274
-1512 1622
1616 -294
1616 -300
1602 1602
1606 -304
-1532 374
-1540 1592
-1556 -328
1582 1578
1150 3588
3592 5502
3592 4816
3584 6716
3568 3568
3568 4264
1546 -1598
-1608 -380
1530 -384
-1618 286
1506 274
4212 3512
6650 5418
6636 3492
3482 3482
3482 3478
3474 2260
-1686 -458
-1686 -1692
-1706 -1710
-1714 -486
-1714 192
-1728 -506
-1742 -514
-1742 164
-1756 1376
-1774 -546
-1774 -550
-1782 1352
1346 -1792
1346 114
-1804 1324
-1840 70
1298 -616
-1852 1280
3982 4506
3274 6412
6412 3270
6132 5112
3022 4890
3022 2498
1030 -842
-2050 1020
1020 -2058
-2084 -2090
966 -236
966 -906
-2118 944
-2150 -2150
920 -286
-2164 -970
872 -996
872 -1002
848 -1024
836 -1032
-2234 -1040
802 798
-2282 -414
-2282 -2290
752 748
-2330 730
694 -1174
694 686
-2414 -1216
-2426 -558
644 -2434
-2466 -602
592 -1276
592 584
556 -2522
2948 3624
2282 5280
5270 4088
2230 3404
2230 4050
2188 -156
214 214
-2788 -1622
-2826 -1656
-2842 -2842
160 152
-2882 -2890
80 -2922
80 -1754
52 44
12 -1170
-28 -28
-28 -3038
-68 -74
-3098 -1270
-3098 -104
-138 -1974
-3180 -178
-178 -186
2382 2884
1688 1688
1688 3508
4648 2814
4620 1618
4620 448
-3362 -1542
-400 -400
-544 -2252
-598 -604
-626 -2416
-626 -1784
-3608 -1824
-696 -3636
-696 -2496
-750 -758
-3730 -302
4012 1072
4012 1062
3958 1012
3930 2140
990 980
3876 434
-3934 -2784
-994 -1002
-3974 -3982
-1074 -2864
-4014 -2872
-1114 -2914
-4106 -2316
-4106 -1172
-4134 -2994
-4186 -4186
-4186 -2406
-4238 -3094
-1324 -1324
-1324 -1332
-1364 -3164
-4354 -1414
-4354 -4362
-1454 -970
386 3326
3326 378
3290 3280
3240 3232
264 3204
3204 -2028
-4606 -4616
-1712 -3502
-1712 -2870
-4690 -4698
-1784 -2934
-1784 -4732
-4762 -1834
-1878 -3668
-4818 -3676
-1912 -3070
-1946 -4886
-1946 -3748
-2000 -4948
-4974 -2034
-2034 -2044
-5018 -3876
-5050 -5050
-2110 -5060
-5094 -3312
-2182 -5122
-5122 -3342
-2224 -3384
-2262 -3422
-5242 -5242
-2302 -5250
-2346 -3474
-5250 -5250
-5250 -5260
-5284 -1308
2284 534
-592 -600
2260 2250
2230 480
-646 2218
-684 -2928
-2558 -5434
-2558 -4318
-2586 -4346
-5488 -4362
-2612 -3746
-5510 -5520
-2662 -5538
-5538 -2672
-2684 -4444
-5584 -3834
-2708 -5592
-5606 -5616
-5624 -2758
-5648 -2772
-2772 -2782
-5668 -5678
-2810 -5686
-2810 -1710
-980 -990
-996 1880
1880 120
1862 726
-1030 720
-1030 -2150
-5770 -5780
-2904 -2904
-5780 -5790
-2918 -4678
-5804 -2928
-2928 -3578
-1088 1778
1778 28
1778 642
1772 12
-1114 636
1762 -3360
-5846 -4730
-5846 -4730
-2976 -4102
-2976 -5864
-5854 -4738
-5854 -4104
-2978 -4114
-2980 -4740
-2980 -4106
-2980 -5866
-5852 -4114
-5846 -5846
-5846 -4104
-5846 -4732
-5840 -5840
-5840 -5850
-2956 -730
1778 652
1762 -28
-1046 46
1778 676
1778 1768
-1026 -1512
-5638 -2824
-2824 -4546
-5628 -3928
-2794 -4516
-5596 -5596
-2782 -4504
-5580 -3878
-5564 -3852
-2750 -4472
-2732 -2742
-5528 -3816
-2714 -4436
-5510 -3810
-2672 -3774
-5486 -4394
-5466 -4374
-5444 -4342
-2630 -4352
-2610 -4332
-5400 -2586
-5400 -3700
-5372 -4280
-2534 -5348
-2534 -2544
-5326 -3624
-2484 -5298
-5298 -4206
-2460 -2472
-5242 -2428
-5242 -1352
2226 504
-562 2242
-534 568
2280 556
2316 -1594
-5094 -3992
-5094 -2290
-5066 -2262
-2224 -3936
-5038 -3338
-2184 -3906
-2154 -4968
-2154 -2164
-4938 -3846
-4908 -3196
-2094 -3208
-2054 -2064
-4838 -3126
-4838 -3746
-4806 -3716
-1952 -3664
-4766 -4776
-4734 -1454
-76 -76
-76 1626
2770 1656
-2 -12
2844 1132
30 -2168
2356 3476
4530 1778
1778 1768
1810 1798
1848 2924
1848 2448
-2648 -1582
134 -1542
-2618 -1552
166 -1520
196 -880
196 -2566
226 -2536
256 256
-2496 -2508
294 -2468
-2428 -1352
324 -1362
354 -2408
-2370 -2370
-2370 -2380
410 -676
-2312 -1248
108 5002
2250 3916
5030 3944
5056 5056
2304 3970
2332 1256
582 -494
582 -2180
606 596
-2094 646
-2094 -1050
624 -2080
650 -990
-2044 -1000
670 -394
-2002 -2002
-2002 -372
-1978 706
734 -906
-1960 -1970
-1936 -892
-1916 778
778 -872
-1898 -1906
-1884 -1894
826 826
826 -238
-1852 -808
-1836 -782
858 -792
874 864
892 -748
892 -172
-1792 -1802
918 -722
918 908
3264 4296
5370 2676
5370 4308
5376 4310
5392 4338
5248 1668
-1708 -1716
-1704 932
-1704 -682
942 -100
948 -1688
948 -1698
-1682 946
958 -84
-1672 -68
-1672 -1680
968 958
970 970
-1666 -1676
972 -70
-1666 -634
-1666 -642
-1664 -70
3256 4274
5306 3692
2668 5294
2662 4266
2662 4258
2664 606
-1672 -1672
-1672 -1682
958 -656
-1684 -1684
-1684 -88
948 938
3220 2634
2634 2626
2630 4224
2620 4224
2620 2610
2610 2156
-1730 -1740
-1744 892
-1744 -720
884 -1762
870 -1766
-1766 -170
862 -750
850 -1786
850 -1796
832 -782
818 818
-1818 -222
-1832 -236
-1848 -816
788 -254
770 -842
-1882 -278
754 746
3018 3454
2414 4018
2414 2406
2394 5022
5014 3982
5014 1350
-1976 -952
640 -972
-2016 620
-2016 -2024
-1958 -1994
602 -408
602 592
-2004 -2012
-2024 -1014
-2024 -462
536 -482
516 516
516 -502
494 -524
-2106 -536
474 466
-2128 -1128
424 424
-2156 -1152
-2174 -2182
-2196 -626
384 -2206
352 -1224
-2248 -1238
-2248 -686
310 302
-2294 -1292
-2322 -2322
258 -2328
2476 2906
4456 1876
1876 2878
1848 1840
1820 4400
1820 1374
132 -1446
106 106
106 -2482
-2504 -942
48 -962
-2532 -2538
-2554 -992
-2582 -2
-2 -1020
-2612 -2618
-52 -1062
-2632 -1630
-82 -90
-114 -1124
-114 -1690
-136 -2724
-166 -1742
2046 3044
4054 1466
1442 3006
4002 1422
4002 2982
3958 1944
-2886 -306
-306 -1882
-2910 -1348
-2942 -1372
-2942 -1378
-384 -2970
-406 -2986
-406 -1422
-430 -3020
-3054 -1484
-2892 -444
-2912 582
3742 2206
3742 2200
1194 1188
3696 2706
1170 2154
1146 166
-500 -3032
-524 -524
-524 -3056
-3072 -1542
-3096 -3096
-570 -2112
-592 -600
-626 -2162
-3152 -1622
-3176 -656
-674 -3200
-674 -1670
-3222 -1692
-3248 -722
-3248 -726
-3260 -1730
-758 -758
-3284 1198
830 1814
808 3334
808 1792
784 1770
770 770
3296 -210
-878 -886
-914 -914
-914 -916
-916 -2460
-3478 -1944
-954 -2490
-3480 -2498
-988 -1984
-1014 -1014
-3540 -1018
-1026 -2570
-1062 -2598
-3588 -2600
-1064 -2608
-3628 -1102
-3628 -1106
-3640 -2652
-1116 -3642
-3642 -2660
-3678 -3682
-1166 -2702
-3692 -2708
-3716 -2184
-1204 -2740
-3730 -3734
-3742 -2212
-3768 -2232
-3768 -2782
-3782 -832
2882 348
318 1308
318 1306
2910 2834
424 424
2896 -534
-1176 -1178
-3650 -2146
-1178 -3658
-3686 -2186
-3700 -1228
-3700 -2736
-1240 -1242
-3714 -2210
-1242 -2750
-3728 -2764
-1268 -2772
-1268 -2240
-1282 -1286
-1296 -1296
-3768 -1300
-1308 -1312
-3794 -2826
-3794 -906
2736 260
2722 1750
238 238
238 234
224 -734
-3848 -2344
-1376 -2348
-3862 -2362
-1404 -2908
-1404 -3880
-3888 504
2720 190
2720 2716
290 1232
2694 276
2694 1222
2704 -1598
-3702 -2230
-3702 -2234
-1296 -2246
-3728 -2256
-1310 -2782
-3718 -2776
-1314 -3732
-3732 -1318
-1326 -2800
-1328 -2800
-3738 -3738
-1320 -2270
-1332 -1336
-3764 -2818
-3764 -2818
-3754 -2286
-1350 -1350
-3768 526
194 1140
2620 1674
202 2616
190 190
2616 198
2616 -740
-3788 -2320
-3802 -3802
-3590 -3742
-3580 -2142
-1216 -2142
-3582 -2656
-1208 -2138
-3586 -2146
-3586 -3586
-3578 -2142
-1224 -3590
-3582 -2656
-1216 -3582
-3574 -2138
-1220 -1220
-1220 -3586
-1212 -2656
-1224 -2150
-1224 -2150
-3582 -3582
-1206 -2646
-1206 -1210
-1220 -1220
-1210 -2136
-1210 -1210
-1202 -3572
-1214 -2140
-1214 -2140
-3572 -292
2692 1766
2692 322
2680 1240
2688 1762
322 1248
332 -68
-1184 -2110
-3550 -3554
-3562 -1196
-1188 -2628
-3546 -2620
-1180 -3546
-1170 -2610
-1162 -2088
-1162 -1162
-1154 -2080
-3510 -2070
-3510 -2074
-3524 -2598
-3514 -3514
-1148 -1148
-3506 -2066
-3498 -2572
-1132 -218
2768 1842
410 2776
2776 1850
2784 1858
426 2792
426 -1414
-2854 1352
1360 1360
-1006 434
1368 442
1376 -464
-4872 -3432
-4872 -3946
-2312 -3894
-4618 -4618
-2304 -3210
-4610 -3700
-2268 -4582
-2268 -3676
-2260 -2260
-2254 -3160
-4568 -2254
-4558 -4558
-4550 -4550
-2236 -4550
-2230 -2230
-4536 -4536
-4536 -3628
-4518 -4518
-192 702
-706 702
-696 -696
-688 720
1626 724
-662 -148
-4460 -2146
-2140 -2140
-4454 -3544
-4426 -2112
-4420 -4420
-2106 -3012
-2098 -2094
-2074 -3482
-4388 -2074
-2066 -4380
-4372 -2964
-4372 -4368
-2032 -2032
-2026 -2932
-2026 -2022
-2002 -4316
-4308 -2900
-4308 -1994
-1988 -1984
-1962 -3370
-4276 -4276
-1956 -1952
-1932 -3340
-1932 -3340
-1924 -4236
-1910 -4224
-4216 -1902
-4216 -3306
-4194 -2782
-2164 1044
1950 542
1956 1054
-336 1978
-336 570
1984 -718
-4114 -1800
-1800 -2702
-4092 -3186
-4086 -2678
-4086 -1768
-1752 -3158
-4052 -4052
-3886 -2586
-1616 -1612
-1598 -2976
-1598 -1596
-3852 -2960
-1570 -3836
-1570 -2458
-3828 -3824
-3812 -1542
-1530 -3796
-1530 -3794
-1822 2206
-56 2210
2210 836
2224 1340
2242 1354
2242 -404
-1468 -1466
-1460 -2348
-3726 -1456
-3712 -3708
-3698 -1432
-3698 -3694
-1720 1422
2316 938
50 942
2328 2332
76 2342
2342 -1682
-3638 -2748
-3632 -2254
-3632 -1362
-3620 -3616
-3610 -3610
-1344 -2720
-3604 -2222
-3592 -3588
-3582 -1316
-1316 -2202
-3576 -2684
-1302 -2680
-3568 -1298
-1294 -2666
-3550 -2172
-3550 -1280
-3542 -3540
692 2454
2454 1080
194 198
198 1086
2464 204
2474 716
-1246 -1246
-1246 -2132
-3510 -2126
-3504 -3504
-1238 -2612
-3500 -2608
-1230 -2118
-1230 -2602
-1228 -2114
-3492 -2596
-1220 -3486
-3486 -1218
-1214 -2564
-1216 -3432
-3432 -2558
-3432 -2560
-3436 -2088
-3436 -2082
-3436 -2086
-1226 -2574
-3442 -2088
-1230 -1224
-1234 -2582
-3450 -2098
-1238 -1232
-1246 -2594
-1246 -2592
-1250 -1244
-3474 -2606
-3474 -2120
654 1036
2374 158
158 164
2364 1502
2354 -716
-3516 -2168
-3516 -3510
-3528 -2176
-1320 -3536
-1320 -1314
-3548 -2676
-1344 -2692
-3560 -1338
-1356 -2218
-3570 -1340
-1400 -3564
-3586 -3580
-1432 -3602
-1432 -1428
-1446 -2290
-1464 -1464
-3634 -1458
-1482 -3648
380 1218
2068 1224
-120 1206
2030 2030
-140 2034
-156 -1838
-1572 -3738
-3758 -2908
-1588 -1580
-3784 -3778
-1636 -2956
-1636 -2952
-3822 -2496
-1676 -1676
-3846 -3838
-3874 -3020
-1722 -1722
-1722 -2198
1820 976
-374 -374
-374 -368
1772 928
1748 428
-488 -738
-3998 -2696
-4028 -1904
-1904 -2730
-4046 -1914
-4078 -1954
-4078 -3242
-4104 -1976
-4122 -1990
-4154 -2030
-2030 -2024
-2056 -2052
-4200 -4200
-2076 -2068
-2108 -3396
-2134 -2964
-4258 -3422
-2158 -1794
1306 1306
1306 1314
-850 -844
-876 -46
1248 424
1222 -424
-4418 -3124
-2294 -3582
-4442 -3606
-4468 -3174
-2344 -3168
-2370 -3194
-4518 -3224
-4518 -4510
-2424 -3248
-2450 -3280
-2450 -3738
-2474 -3296
-2504 -3792
-4650 -4650
-4650 -3348
-4680 -3844
-4702 -3408
-2578 -3864
-4732 -3898
-4748 -3454
-4748 -4740
-4776 -2644
-2676 -3506
-2676 -2670
-4822 -3986
-2720 -2720
-4844 -4008
-2740 -4856
-4886 -4886
-4886 -2398
708 -1408
-1440 684
-1440 690
-1456 -1448
-1480 -1480
-1480 -3124
-2864 -4982
-2880 -2872
-5022 -2898
-2898 -3722
-4964 -2884
-4976 -4162
-4976 -2890
-4988 -2900
-2922 -5002
-5002 -4182
-5014 -3740
-2946 -3760
-2946 -5020
-2956 -2948
-5046 -4232
-5046 -4224
-2972 -1350
434 -380
434 -372
-1654 -832
-1662 418
-1662 -1656
416 -2006
-5080 -3814
-5080 -2994
-5084 -4262
-3006 -2998
-5088 -3008
-5088 -3466
-1672 -1666
408 -858
408 -850
408 -850
414 -852
414 -2460
-2996 -4256
-5074 -4260
-5074 -5066
-2986 -5058
-5058 -2978
-2978 -4236
-5050 -2964
-5040 -3774
-5040 -4218
-2948 -4208
-5020 -3754
-2940 -5012
-5004 -4996
-2910 -2910
-2910 -3716
-2896 -4970
-2882 -1258
-1530 550
-1530 -708
-1512 -238
-1492 588
-1492 -672
604 -2270
-4866 -3600
-4866 -4858
-2762 -4834
-4818 -3552
-4818 -3544
-2712 -3520
-2694 -2694
-4774 -3952
-2666 -2658
-4716 -4716
-2570 -3410
-2540 -4568
-2516 -4550
-2516 -2508
-4518 -4510
-4486 -3248
-4486 -2444
-2418 -2412
-4426 -4418
-4392 -4392
-4392 -2350
-4356 -3554
-4328 -2294
-4328 -2286
-4292 -3046
-4254 -3016
-2220 -2212
-2182 -3412
-4176 -4176
-2142 -1792
1232 444
-762 34
-762 -754
1314 526
1356 1356
-678 -1458
-3990 -1948
-1914 -2710
