0 0
0 0
0 0
4 97
97 201
201 303
303 394
394 493
493 589
589 685
685 768
768 855
855 937
937 1012
1012 1086
1086 1155
1155 1222
1222 1278
1278 1330
1330 1378
1378 1416
1416 1450
1450 1482
1482 1503
1503 1519
1519 1527
1527 1531
1531 1527
1527 1515
1515 1498
1498 1474
1474 1447
1447 1408
1408 1366
1366 1315
1315 1267
1267 1203
1203 1137
1137 1074
1074 996
996 915
915 831
831 751
751 660
660 564
564 475
475 376
376 276
276 172
172 79
79 -24
-24 -128
-128 -221
-221 -323
-323 -423
-423 -521
-521 -609
-609 -702
-702 -792
-792 -872
-872 -956
-956 -1034
-1034 -1109
-1109 -1170
-1170 -1235
-1235 -1293
-1293 -1347
-1347 -1388
-1388 -1430
-1430 -1464
-1464 -1488
-1488 -1509
-1509 -1524
-1524 -1533
-1533 -1533
-1533 -1529
-1529 -1512
-1512 -1496
-1496 -1472
-1472 -1440
-1440 -1398
-1398 -1358
-1358 -1307
-1307 -1251
-1251 -1196
-1196 -1127
-1127 -1056
-1056 -977
-977 -902
-902 -816
-816 -726
-726 -644
-644 -549
-549 -450
-450 -350
-350 -258
-258 -156
-156 -53
-53 51
51 145
145 247
247 348
348 439
439 538
538 633
633 724
724 808
808 894
894 975
975 1045
1045 1119
1119 1188
1188 1249
1249 1302
1302 1351
1351 1396
1396 1435
1435 1467
1467 1494
1494 1510
1510 1522
1522 1531
1531 1531
1531 1522
1522 1510
1510 1491
1491 1462
1462 1431
1431 1389
1389 1345
1345 1291
1291 1240
1240 1174
1174 1107
1107 1039
1039 961
961 879
879 790
790 709
709 616
616 519
519 430
430 330
330 229
229 126
126 31
31 -72
-72 -174
-174 -267
-267 -369
-369 -468
-468 -566
-566 -653
-653 -744
-744 -833
-833 -909
-909 -992
-992 -1067
-1067 -1139
-1139 -1199
-1199 -1262
-1262 -1317
-1317 -1368
-1368 -1406
-1406 -1445
-1445 -1476
-1476 -1500
-1500 -1517
-1517 -1529
-1529 -1533
-1533 -1529
-1529 -1521
-1521 -1505
-1505 -1484
-1484 -1457
-1457 -1421
-1421 -1380
-1380 -1335
-1335 -1283
-1283 -1224
-1224 -1164
-1164 -1094
-1094 -1019
-1019 -939
-939 -864
-864 -777
-777 -687
-687 -600
-600 -504
-504 -405
-405 -305
-305 -212
-212 -110
-110 -6
-6 97
97 192
192 294
294 394
394 484
484 580
580 675
675 768
768 846
846 930
930 1012
1012 1080
1080 1149
1149 1216
1216 1278
1278 1326
1326 1374
1374 1416
1416 1450
1450 1479
1479 1503
1503 1519
1519 1527
1527 1531
1531 1527
1527 1519
1519 1503
1503 1479
1479 1447
1447 1411
1411 1371
1371 1320
1320 1267
1267 1210
1210 1143
1143 1074
1074 1003
1003 922
922 840
840 751
751 666
666 573
573 475
475 385
385 285
285 181
181 79
79 -15
-15 -119
-119 -221
-221 -314
-314 -414
-414 -513
-513 -609
-609 -695
-695 -785
-785 -872
-872 -947
-947 -1028
-1028 -1103
-1103 -1170
-1170 -1229
-1229 -1289
-1289 -1343
-1343 -1388
-1388 -1425
-1395 -1430
-1430 -1457
-1457 -1476
-1476 -1493
-1493 -1500
-1500 -1500
-1500 -1496
-1496 -1484
-1484 -1464
-1464 -1440
-1440 -1410
-1410 -1373
-1373 -1328
-1328 -1286
-1286 -1229
-1229 -1170
-1170 -1109
-1109 -1038
-1038 -963
-963 -884
-884 -807
-807 -720
-720 -630
-630 -545
-545 -449
-449 -353
-353 -252
-252 -162
-162 -60
-60 40
40 142
142 232
232 331
331 429
429 517
517 610
610 702
702 790
790 867
867 948
948 1023
1023 1089
1089 1155
1155 1216
1216 1273
1273 1320
1320 1363
1363 1404
1404 1431
1431 1458
1458 1479
1479 1491
1491 1498
1498 1498
1498 1491
1491 1479
1479 1458
1458 1431
1431 1401
1401 1363
1363 1320
1320 1267
1267 1213
1213 1155
1155 1089
1089 1017
1017 948
948 867
867 783
783 694
694 610
610 517
517 421
421 331
331 232
232 132
132 31
31 -60
-60 -162
-162 -261
-261 -353
-353 -449
-449 -545
-545 -638
-638 -720
-720 -807
-807 -890
-890 -963
-963 -1038
-1038 -1109
-1109 -1173
-1173 -1229
-1229 -1286
-1286 -1335
-1335 -1376
-1376 -1410
-1410 -1440
-1440 -1469
-1469 -1484
-1484 -1496
-1496 -1500
-1500 -1496
-1496 -1493
-1493 -1476
-1476 -1452
-1452 -1430
-1430 -1395
-1395 -1353
-1353 -1307
-1307 -1262
-1262 -1202
-1202 -1139
-1139 -1079
-1079 -1005
-1005 -927
-927 -846
-846 -767
-767 -680
-680 -587
-587 -501
-501 -405
-405 -306
-306 -207
-207 -116
-116 -15
-15 87
87 187
187 279
279 376
376 474
474 561
561 652
652 742
742 828
828 903
903 982
982 1056
1056 1119
1119 1183
1183 1243
1243 1299
1299 1341
1341 1381
1381 1419
1419 1447
1447 1470
1470 1486
1486 1494
1494 1498
1498 1494
1494 1486
1486 1470
1470 1447
1447 1419
1419 1381
1381 1345
1345 1299
1299 1243
1243 1183
1183 1125
1125 1056
1056 982
982 910
910 828
828 742
742 652
652 568
568 474
474 376
376 288
288 187
187 87
87 -15
-15 -107
-107 -207
-207 -306
-306 -396
-396 -494
-494 -587
-587 -680
-680 -761
-761 -846
-846 -927
-927 -998
-998 -1070
-1070 -1139
-1139 -1202
-1202 -1256
-1256 -1307
-1307 -1353
-1353 -1395
-1395 -1425
-1425 -1452
-1452 -1476
-1476 -1488
-1488 -1496
-1496 -1500
-1500 -1496
-1496 -1484
-1484 -1469
-1469 -1440
-1440 -1413
-1413 -1376
-1376 -1335
-1335 -1286
-1286 -1235
-1235 -1173
-1173 -1109
-1109 -1044
-1044 -971
-971 -890
-890 -807
-807 -729
-729 -638
-638 -545
-545 -458
-458 -360
-360 -261
-261 -162
-162 -71
-71 31
31 132
132 232
232 322
322 421
421 517
517 603
603 694
694 783
783 867
867 940
940 1017
1017 1089
1089 1149
1149 1213
1213 1267
1267 1320
1320 1359
1359 1401
1401 1431
1431 1458
1458 1479
1479 1491
1491 1498
1498 1498
1498 1491
1491 1479
1479 1462
1462 1435
1435 1404
1404 1363
1363 1323
1323 1273
1273 1216
1216 1155
1155 1095
1071 1000
1000 928
928 855
855 774
774 687
687 598
598 516
516 420
420 325
325 237
237 139
139 39
39 -60
-60 -150
-150 -248
-248 -345
-345 -431
-431 -525
-525 -617
-617 -705
-705 -782
-782 -864
-864 -942
-942 -1011
-1011 -1079
-1079 -1145
-1145 -1202
-1202 -1251
-1251 -1301
-1301 -1343
-1343 -1380
-1380 -1410
-1410 -1433
-1433 -1452
-1452 -1464
-1464 -1469
-1469 -1469
-1469 -1460
-1460 -1445
-1445 -1425
-1425 -1398
-1398 -1368
-1368 -1328
-1328 -1286
-1286 -1235
-1235 -1182
-1182 -1121
-1121 -1056
-1056 -989
-989 -915
-915 -834
-834 -750
-750 -672
-672 -584
-584 -491
-491 -405
-405 -309
-309 -212
-212 -113
-113 -23
-23 75
75 174
174 273
273 360
360 454
454 549
549 631
631 718
718 804
804 883
883 954
954 1029
1029 1095
1095 1152
1152 1213
1213 1263
1263 1312
1312 1348
1348 1386
1386 1416
1416 1435
1435 1450
1450 1462
1462 1467
1467 1462
1462 1455
1455 1438
1438 1419
1419 1389
1389 1356
1356 1315
1315 1273
1273 1222
1222 1165
1165 1101
1101 1039
1039 969
969 891
891 819
819 735
735 646
646 556
556 472
472 376
376 282
282 192
192 93
93 -6
-6 -105
-105 -194
-194 -291
-291 -389
-389 -474
-474 -567
-567 -657
-657 -744
-744 -821
-821 -900
-900 -977
-977 -1041
-1041 -1109
-1109 -1173
-1173 -1229
-1229 -1275
-1275 -1322
-1322 -1361
-1361 -1395
-1395 -1421
-1421 -1440
-1440 -1457
-1457 -1464
-1464 -1469
-1469 -1464
-1464 -1452
-1452 -1437
-1437 -1413
-1413 -1383
-1383 -1350
-1350 -1311
-1311 -1262
-1262 -1208
-1208 -1154
-1154 -1091
-1091 -1022
-1022 -956
-956 -878
-878 -797
-797 -713
-713 -633
-633 -542
-542 -449
-449 -362
-362 -266
-266 -167
-167 -69
-69 21
21 121
121 219
219 316
316 403
403 498
498 589
589 670
670 757
757 841
841 921
921 987
987 1059
1059 1125
1125 1180
1180 1236
1236 1287
1287 1330
1330 1366
1366 1401
1401 1428
1428 1443
1443 1458
1458 1467
1467 1467
1467 1462
1462 1447
1447 1431
1431 1408
1408 1378
1378 1338
1338 1294
1294 1249
1249 1197
1197 1137
1137 1071
1071 1009
1009 933
933 855
855 780
780 694
694 606
606 516
516 429
429 334
334 237
237 148
148 48
48 -50
-50 -150
-150 -239
-239 -336
-336 -431
-431 -518
-518 -608
-608 -696
-696 -782
-782 -857
-857 -935
-935 -1011
-1011 -1073
-1073 -1139
-1139 -1199
-1199 -1251
-1251 -1296
-1296 -1340
-1340 -1380
-1380 -1410
-1410 -1433
-1433 -1449
-1449 -1464
-1464 -1469
-1469 -1469
-1469 -1460
-1460 -1445
-1445 -1430
-1430 -1403
-1403 -1368
-1368 -1332
-1332 -1289
-1289 -1238
-1238 -1182
-1182 -1127
-1127 -1061
-1061 -989
-989 -923
-923 -843
-843 -759
-759 -672
-672 -591
-591 -500
-500 -405
-405 -318
-318 -221
-221 -123
-123 -23
-23 67
67 165
165 264
264 360
360 447
436 528
528 618
618 696
696 778
778 858
858 933
933 999
999 1065
1065 1128
1128 1180
1180 1233
1233 1281
1281 1320
1320 1351
1351 1381
1381 1404
1404 1419
1419 1431
1431 1435
1435 1431
1431 1423
1423 1408
1408 1389
1389 1363
1363 1330
1330 1291
1291 1246
1246 1200
1200 1146
1146 1083
1083 1017
1017 954
954 879
879 801
801 727
727 642
642 553
553 462
462 378
378 283
283 187
187 100
100 3
3 -93
-93 -189
-189 -278
-278 -371
-371 -464
-464 -546
-546 -635
-635 -720
-720 -803
-803 -873
-873 -950
-950 -1019
-1019 -1079
-1079 -1142
-1142 -1199
-1199 -1248
-1248 -1289
-1289 -1328
-1328 -1361
-1361 -1391
-1391 -1410
-1410 -1425
-1425 -1433
-1433 -1437
-1437 -1433
-1433 -1421
-1421 -1406
-1406 -1388
-1388 -1358
-1358 -1322
-1322 -1286
-1286 -1238
-1238 -1190
-1190 -1130
-1130 -1073
-1073 -1008
-1008 -935
-935 -867
-867 -788
-788 -705
-705 -620
-620 -539
-539 -447
-447 -354
-354 -269
-269 -173
-173 -75
-75 21
21 109
109 205
205 301
301 394
394 478
478 570
570 655
655 733
733 814
814 894
894 966
966 1032
1032 1095
1095 1155
1155 1206
1206 1257
1257 1299
1299 1338
1338 1366
1366 1393
1393 1411
1411 1428
1428 1435
1435 1435
1435 1431
1431 1419
1419 1401
1401 1378
1378 1348
1348 1312
1312 1270
1270 1222
1222 1174
1174 1119
1119 1054
1054 987
987 921
921 844
844 763
763 688
688 601
601 513
513 420
420 336
336 240
240 144
144 57
57 -41
-41 -138
-138 -234
-234 -320
-320 -413
-413 -506
-506 -587
-587 -674
-674 -759
-759 -839
-839 -909
-909 -981
-981 -1050
-1050 -1109
-1109 -1167
-1167 -1221
-1221 -1269
-1269 -1307
-1307 -1347
-1347 -1376
-1376 -1403
-1403 -1418
-1418 -1430
-1430 -1437
-1437 -1437
-1437 -1430
-1430 -1418
-1418 -1398
-1398 -1373
-1373 -1343
-1343 -1304
-1304 -1265
-1265 -1215
-1215 -1164
-1164 -1103
-1103 -1044
-1044 -977
-977 -902
-902 -833
-833 -750
-750 -666
-666 -579
-579 -498
-498 -405
-405 -311
-311 -225
-225 -129
-129 -32
-32 66
66 153
153 249
249 343
343 436
436 519
519 609
609 696
696 772
772 850
850 928
928 999
999 1059
1059 1122
1122 1180
1180 1230
1230 1278
1278 1315
1315 1351
1351 1378
1378 1404
1404 1419
1419 1431
1431 1435
1435 1431
1431 1423
1423 1411
1411 1389
1389 1363
1363 1333
1333 1294
1294 1249
1249 1200
1200 1149
1149 1089
1089 1023
1023 954
954 886
886 808
808 727
727 649
649 561
561 471
471 378
378 292
292 196
196 100
100 12
12 -84
-84 -180
-180 -278
-278 -363
-363 -455
-455 -546
-546 -626
-626 -713
-713 -795
-795 -873
-873 -942
-942 -1014
-1014 -1079
-1079 -1136
-1136 -1193
-1193 -1245
-1245 -1289
-1289 -1325
-1325 -1361
-1361 -1388
-1388 -1410
-1410 -1425
-1425 -1433
-1433 -1437
-1437 -1433
-1433 -1425
-1425 -1410
-1410 -1388
-1388 -1361
-1361 -1325
-1325 -1286
-1286 -1245
-1245 -1193
-1193 -1136
-1136 -1073
-1073 -1014
-1014 -942
-942 -867
-867 -795
-795 -713
-713 -626
-626 -539
-539 -455
-455 -363
-363 -269
-269 -180
-180 -84
-84 12
12 109
109 196
196 292
292 387
387 478
478 561
561 649
649 733
733 808
808 886
886 961
961 1032
1032 1089
1089 1149
1149 1206
1206 1249
1249 1294
1294 1333
1333 1366
1366 1389
1389 1411
1411 1428
1428 1431
1431 1435
1435 1431
1431 1419
1419 1404
1404 1378
1378 1348
1348 1315
1315 1278
1278 1230
1230 1174
1174 1122
1122 1059
1059 993
993 921
921 850
850 772
772 688
688 609
609 519
519 429
429 336
336 249
249 153
153 57
57 -32
-32 -129
-129 -225
-225 -320
-320 -405
-405 -498
-498 -587
-587 -666
-666 -750
-750 -833
-833 -909
-909 -977
-977 -1044
-1044 -1109
-1109 -1164
-1164 -1215
-1215 -1265
-1265 -1307
-1307 -1343
-1343 -1373
-1373 -1398
-1398 -1418
-1418 -1430
-1430 -1437
-1437 -1437
-1437 -1430
-1430 -1418
-1418 -1398
-1398 -1373
-1373 -1347
-1347 -1307
-1307 -1265
-1265 -1221
-1221 -1167
-1167 -1109
-1109 -1044
-1044 -981
-981 -909
-909 -833
-833 -759
-759 -674
-674 -587
-587 -498
-498 -413
-413 -320
-320 -225
-225 -138
-138 -41
-41 57
57 153
153 240
240 336
336 429
429 519
519 601
601 688
688 772
772 844
844 921
921 993
993 1059
1059 1119
1119 1174
1174 1230
1230 1270
1270 1312
1312 1348
1348 1378
1378 1401
1401 1419
1419 1431
1431 1435
1435 1435
1435 1428
1428 1411
1411 1393
1393 1366
1366 1333
1333 1299
1299 1257
1257 1206
1206 1149
1149 1095
1095 1032
1032 961
961 886
886 814
814 733
733 649
649 570
570 478
478 387
387 292
292 205
205 109
109 12
12 -75
-75 -173
-173 -269
-269 -363
-363 -447
-447 -539
-539 -626
-626 -705
-705 -788
-788 -867
-867 -942
-942 -1008
-1008 -1073
-1073 -1136
-1136 -1190
-1190 -1238
-1238 -1286
-1286 -1325
-1325 -1358
-1358 -1388
-1388 -1410
-1410 -1425
-1425 -1433
-1433 -1437
-1437 -1433
-1433 -1425
-1425 -1410
-1410 -1388
-1388 -1361
-1361 -1328
-1328 -1289
-1289 -1245
-1245 -1199
-1199 -1142
-1142 -1079
-1079 -1014
-1014 -950
-950 -873
-873 -795
-795 -720
-720 -635
-635 -546
-546 -455
-455 -371
-371 -278
-278 -180
-180 -93
-93 3
3 100
100 196
196 283
283 378
378 471
471 561
561 642
642 727
727 808
808 879
879 954
954 1023
1023 1089
1089 1146
1146 1200
1200 1249
1249 1291
1291 1330
1330 1363
1363 1389
1389 1408
1408 1423
1423 1431
1431 1435
1435 1431
1431 1419
1419 1404
1404 1381
1381 1351
1351 1315
1315 1281
1281 1233
1233 1180
1180 1122
1122 1065
1065 999
999 928
928 850
850 778
760 681
681 597
597 516
516 427
427 336
336 243
243 159
159 64
64 -32
-32 -117
-117 -212
-212 -305
-305 -396
-396 -479
-479 -567
-567 -653
-653 -726
-726 -807
-807 -884
-884 -956
-956 -1016
-1016 -1079
-1079 -1139
-1139 -1185
-1185 -1235
-1235 -1275
-1275 -1314
-1314 -1343
-1343 -1368
-1368 -1388
-1388 -1398
-1398 -1406
-1406 -1406
-1406 -1398
-1398 -1388
-1388 -1373
-1373 -1347
-1347 -1317
-1317 -1283
-1283 -1242
-1242 -1196
-1196 -1148
-1148 -1091
-1091 -1028
-1028 -960
-960 -896
-896 -821
-821 -743
-743 -666
-666 -582
-582 -495
-495 -404
-404 -321
-321 -228
-228 -135
-135 -48
-48 46
46 141
141 235
235 319
319 411
411 501
501 588
588 664
664 747
747 826
826 894
894 966
966 1032
1032 1095
1095 1146
1146 1197
1197 1243
1243 1281
1281 1320
1320 1348
1348 1371
1371 1386
1386 1401
1401 1404
1404 1404
1404 1396
1396 1381
1381 1363
1363 1341
1341 1309
1309 1270
1270 1233
1233 1183
1183 1131
1131 1071
1071 1014
1014 945
945 874
874 798
798 724
724 642
642 558
558 477
477 387
387 294
294 201
201 115
115 21
21 -74
-74 -161
-161 -254
-254 -347
-347 -437
-437 -518
-518 -606
-606 -690
-690 -762
-762 -842
-842 -915
-915 -987
-987 -1044
-1044 -1106
-1106 -1164
-1164 -1208
-1208 -1256
-1256 -1293
-1293 -1328
-1328 -1353
-1353 -1376
-1376 -1391
-1391 -1403
-1403 -1406
-1406 -1403
-1403 -1395
-1395 -1380
-1380 -1361
-1361 -1332
-1332 -1301
-1301 -1265
-1265 -1221
-1221 -1173
-1173 -1124
-1124 -1061
-1061 -998
-998 -930
-930 -861
-861 -786
-786 -705
-705 -630
-630 -543
-543 -455
-455 -363
-363 -279
-279 -186
-186 -92
-92 -5
-5 90
90 184
184 277
277 361
361 453
453 541
541 628
628 703
703 784
784 859
859 928
928 996
996 1059
1059 1122
1122 1171
1171 1219
1219 1263
1263 1299
1299 1330
1330 1359
1359 1378
1378 1393
1393 1401
1401 1404
1404 1401
1401 1389
1389 1374
1374 1351
1351 1326
1326 1291
1291 1254
1254 1210
1210 1162
1162 1104
1104 1042
1042 985
985 913
913 840
840 760
760 688
688 604
604 516
516 435
435 345
345 252
252 159
159 72
72 -23
-23 -117
-117 -203
-203 -296
-296 -389
-389 -479
-479 -560
-560 -644
-644 -726
-726 -800
-800 -876
-876 -947
-947 -1016
-1016 -1073
-1073 -1133
-1133 -1185
-1185 -1232
-1232 -1272
-1272 -1311
-1311 -1343
-1343 -1365
-1365 -1383
-1383 -1398
-1398 -1406
-1406 -1406
-1406 -1403
-1403 -1388
-1388 -1373
-1373 -1350
-1350 -1322
-1322 -1283
-1283 -1245
-1245 -1199
-1199 -1148
-1148 -1097
-1097 -1034
-1034 -968
-968 -896
-896 -828
-828 -749
-749 -666
-666 -590
-590 -503
-503 -413
-413 -321
-321 -237
-237 -143
-143 -48
-48 37
37 133
133 226
226 319
319 402
402 493
493 580
580 664
664 741
724 801
801 874
874 937
937 1003
1003 1065
1065 1122
1122 1168
1168 1213
1213 1254
1254 1287
1287 1315
1315 1341
1341 1356
1356 1366
1366 1374
1374 1374
1374 1366
1366 1356
1356 1338
1338 1312
1312 1284
1284 1246
1246 1206
1206 1162
1162 1113
1113 1054
1054 993
993 933
933 862
862 789
789 709
709 636
636 553
553 466
466 387
387 297
297 205
205 112
112 28
28 -65
-65 -156
-156 -240
-240 -332
-332 -420
-420 -507
-507 -585
-585 -668
-668 -747
-747 -816
-816 -890
-890 -957
-957 -1022
-1022 -1076
-1076 -1133
-1133 -1182
-1182 -1224
-1224 -1262
-1262 -1296
-1296 -1325
-1325 -1347
-1347 -1361
-1361 -1373
-1373 -1376
-1376 -1373
-1373 -1365
-1365 -1350
-1350 -1332
-1332 -1307
-1307 -1275
-1275 -1238
-1238 -1199
-1199 -1151
-1151 -1100
-1100 -1044
-1044 -981
-981 -915
-915 -843
-843 -776
-776 -698
-698 -617
-617 -539
-539 -453
-453 -363
-363 -273
-273 -191
-191 -98
-98 -5
-5 79
79 171
171 264
264 354
354 435
435 520
520 606
606 688
688 759
759 835
835 907
907 969
969 1032
1032 1092
1092 1146
1146 1191
1191 1233
1233 1270
1270 1302
1302 1326
1326 1348
1348 1363
1363 1371
1371 1374
1374 1371
1371 1363
1363 1348
1348 1326
1326 1299
1299 1267
1267 1230
1230 1183
1183 1140
1140 1086
1086 1026
1026 964
964 900
900 828
828 753
753 673
673 598
598 514
514 426
426 346
346 255
255 163
163 70
70 -14
-14 -107
-107 -198
-198 -282
-282 -372
-372 -461
-461 -548
-548 -623
-623 -704
-704 -782
-782 -851
-851 -923
-923 -989
-989 -1050
-1050 -1103
-1103 -1157
-1157 -1205
-1205 -1242
-1242 -1280
-1280 -1311
-1311 -1335
-1335 -1353
-1353 -1368
-1368 -1376
-1376 -1376
-1376 -1373
-1373 -1361
-1361 -1343
-1343 -1322
-1322 -1293
-1293 -1259
-1259 -1218
-1218 -1179
-1179 -1127
-1127 -1073
-1073 -1016
-1016 -953
-953 -884
-884 -810
-810 -741
-741 -662
-662 -578
-578 -500
-500 -413
-413 -323
-323 -231
-231 -149
-149 -56
-56 37
37 121
121 213
213 304
304 394
394 475
475 561
561 643
643 724
724 795
795 870
870 937
937 999
999 1059
1059 1116
1116 1168
1168 1210
1210 1249
1249 1287
1287 1312
1312 1338
1338 1356
1356 1366
1366 1374
1374 1374
1374 1366
1366 1356
1356 1338
1338 1312
1312 1284
1284 1249
1249 1210
1210 1162
1162 1116
1116 1059
1059 999
999 933
933 870
870 795
795 717
717 636
636 561
561 475
475 387
387 304
304 213
213 121
121 28
28 -56
-56 -149
-149 -240
-240 -323
-323 -413
-413 -500
-500 -585
-585 -662
-662 -741
-741 -816
-816 -884
-884 -953
-953 -1016
-1016 -1076
-1076 -1127
-1127 -1179
-1179 -1224
-1224 -1259
-1259 -1293
-1293 -1322
-1322 -1347
-1347 -1361
-1361 -1373
-1373 -1376
-1376 -1373
-1373 -1368
-1340 -1325
-1325 -1304
-1304 -1283
-1283 -1251
-1251 -1215
-1215 -1173
-1173 -1133
-1133 -1079
-1079 -1022
-1022 -968
-968 -902
-902 -833
-833 -759
-759 -689
-689 -609
-609 -527
-527 -450
-450 -363
-363 -276
-276 -186
-186 -104
-104 -14
-14 78
78 160
160 249
249 339
339 424
424 502
502 585
585 666
666 742
742 810
810 882
882 948
948 1003
1003 1062
1062 1116
1116 1165
1165 1203
1203 1240
1240 1273
1273 1299
1299 1320
1320 1333
1333 1341
1341 1345
1345 1341
1341 1333
1333 1320
1320 1299
1299 1273
1273 1240
1240 1206
1206 1165
1165 1116
1116 1068
1068 1009
1009 948
948 882
882 817
817 742
742 666
666 585
585 510
510 424
424 339
339 258
258 168
168 78
78 -14
-14 -96
-96 -186
-186 -276
-276 -356
-356 -443
-443 -527
-527 -609
-609 -683
-683 -759
-759 -833
-833 -896
-896 -960
-960 -1022
-1022 -1079
-1079 -1127
-1127 -1173
-1173 -1215
-1215 -1248
-1248 -1280
-1280 -1304
-1304 -1325
-1325 -1335
-1335 -1343
-1343 -1347
-1347 -1343
-1343 -1332
-1332 -1317
-1317 -1293
-1293 -1269
-1269 -1235
-1235 -1199
-1199 -1154
-1154 -1109
-1109 -1053
-1053 -995
-995 -938
-938 -872
-872 -800
-800 -725
-725 -654
-654 -573
-573 -489
-489 -411
-411 -324
-324 -236
-236 -146
-146 -63
-63 28
28 118
118 201
201 289
289 378
378 465
465 541
541 622
622 702
702 778
778 844
844 913
913 976
976 1032
1032 1089
1089 1137
1137 1183
1183 1219
1219 1257
1257 1284
1284 1309
1309 1326
1326 1338
1338 1345
1345 1345
1345 1338
1338 1326
1326 1312
1312 1287
1287 1260
1260 1222
1222 1188
1188 1143
1143 1092
1092 1042
1042 982
982 918
918 850
850 784
784 709
709 630
630 549
549 472
472 385
385 298
298 217
217 127
127 36
36 -54
-54 -137
-137 -227
-227 -317
-317 -396
-396 -482
-482 -566
-566 -647
-647 -717
-717 -792
-792 -864
-864 -927
-927 -989
-989 -1050
-1050 -1103
-1103 -1148
-1148 -1193
-1193 -1232
-1232 -1265
-1265 -1293
-1293 -1314
-1314 -1332
-1332 -1343
-1343 -1347
-1347 -1347
-1347 -1340
-1340 -1325
-1325 -1307
-1307 -1283
-1283 -1256
-1256 -1218
-1218 -1179
-1179 -1133
-1133 -1085
-1085 -1028
-1028 -968
-968 -908
-908 -839
-839 -765
-765 -689
-689 -617
-617 -536
-536 -450
-450 -372
-372 -284
-284 -194
-194 -104
-104 -21
-21 69
69 160
160 241
241 330
330 417
417 502
502 579
579 660
660 736
736 810
810 874
874 943
943 1003
1003 1056
1056 1113
1113 1158
1158 1203
1203 1236
1236 1270
1270 1299
1299 1315
1315 1330
1330 1341
1341 1345
1345 1341
1341 1333
1333 1320
1320 1302
1302 1273
1273 1243
1243 1206
1206 1168
1168 1122
1122 1068
1068 1014
1014 954
954 888
888 817
817 751
751 673
673 594
594 510
510 433
433 346
346 258
258 177
177 85
85 -5
-5 -96
-96 -179
-179 -267
-267 -356
-356 -435
-435 -519
-519 -603
-603 -683
-683 -753
-753 -825
-825 -896
-896 -956
-956 -1016
-1016 -1076
-1076 -1127
-1127 -1170
-1170 -1212
-1212 -1248
-1248 -1275
-1275 -1304
-1304 -1322
-1322 -1335
-1335 -1343
-1343 -1347
-1347 -1343
-1343 -1332
-1332 -1317
-1317 -1296
-1296 -1269
-1269 -1238
-1238 -1202
-1202 -1157
-1157 -1109
-1109 -1058
-1058 -1001
-1001 -938
-938 -876
-876 -806
-806 -731
-731 -654
-654 -581
-581 -497
-497 -411
-411 -332
-332 -243
-243 -153
-153 -63
-63 19
19 111
111 201
201 282
282 370
370 456
456 541
541 615
615 694
694 772
772 844
844 906
906 972
972 1032
1032 1083
1083 1134
1134 1180
1180 1219
1219 1254
1254 1284
1284 1309
1309 1323
1323 1338
1338 1345
1345 1345
1345 1341
1341 1326
1326 1312
1312 1291
1291 1263
1263 1227
1227 1188
1188 1146
1146 1098
1098 1042
1042 987
987 925
925 855
855 784
784 715
715 636
636 556
556 472
472 394
394 306
306 217
217 135
135 45
45 -47
-47 -137
-137 -219
-219 -308
-308 -396
-396 -474
-474 -558
-558 -638
-638 -717
-717 -786
-786 -857
-857 -927
-927 -984
-984 -1044
-1044 -1100
-1100 -1148
-1148 -1190
-1190 -1229
-1229 -1265
-1265 -1289
-1289 -1314
-1314 -1328
-1328 -1343
-1343 -1347
-1347 -1347
-1347 -1340
-1340 -1325
-1325 -1311
-1311 -1286
-1286 -1256
-1256 -1221
-1221 -1182
-1182 -1136
-1136 -1085
-1085 -1034
-1034 -974
-974 -908
-908 -846
-846 -774
-774 -696
-696 -617
-617 -543
-543 -458
-458 -372
-372 -291
-291 -203
-203 -113
-113 -21
-21 61
61 151
151 241
241 322
322 409
409 495
495 579
579 652
652 729
729 804
804 874
874 936
936 999
999 1056
1056 1107
1107 1155
1155 1200
1200 1236
1236 1267
1267 1294
1294 1315
1315 1330
1330 1341
1341 1345
1345 1341
1341 1333
1333 1320
1320 1302
1302 1278
1278 1246
1246 1210
1210 1168
1168 1125
1125 1074
1074 1014
1014 958
958 894
894 823
823 751
751 681
681 601
601 517
517 433
433 354
354 265
265 177
177 94
94 3
3 -87
-87 -179
-179 -260
-260 -348
-348 -435
-435 -512
-512 -596
-596 -675
-675 -753
-753 -819
-819 -890
-890 -956
-956 -1011
-1011 -1070
-1070 -1124
-1124 -1170
-1170 -1208
-1208 -1245
-1245 -1275
-1275 -1301
-1301 -1322
-1322 -1335
-1335 -1343
-1343 -1347
-1347 -1343
-1343 -1332
-1332 -1317
-1317 -1301
-1301 -1272
-1272 -1238
-1238 -1205
-1205 -1160
-1160 -1115
-1115 -1058
-1058 -1005
-1005 -945
-945 -876
-876 -812
-812 -738
-738 -662
-662 -581
-581 -504
-504 -419
-419 -332
-332 -251
-251 -162
-162 -71
-71 19
19 102
102 192
192 282
282 361
361 448
448 534
534 615
615 687
687 763
763 837
837 906
906 966
945 1003
1003 1059
1059 1107
1107 1152
1152 1191
1191 1227
1227 1254
1254 1278
1278 1294
1294 1309
1309 1315
1315 1315
1315 1312
1312 1302
1302 1284
1284 1263
1263 1236
1236 1203
1203 1165
1165 1122
1122 1077
1077 1026
1026 966
966 910
910 844
844 774
774 700
700 631
631 552
552 469
469 385
385 307
307 220
220 132
132 52
52 -38
-38 -126
-126 -215
-215 -293
-293 -378
-378 -464
-464 -539
-539 -618
-618 -696
-696 -770
-770 -834
-834 -900
-900 -963
-963 -1016
-1016 -1070
-1070 -1121
-1121 -1164
-1164 -1199
-1199 -1235
-1235 -1262
-1262 -1283
-1283 -1301
-1301 -1311
-1311 -1317
-1317 -1317
-1317 -1311
-1311 -1301
-1301 -1283
-1283 -1259
-1259 -1232
-1232 -1196
-1196 -1160
-1160 -1115
-1115 -1067
-1067 -1011
-1011 -957
-957 -896
-896 -828
-828 -762
-762 -689
-689 -611
-611 -531
-531 -456
-456 -372
-372 -285
-285 -206
-206 -119
-119 -29
-29 60
60 141
141 228
228 315
315 393
393 477
477 559
559 639
639 708
708 780
780 850
850 915
915 972
972 1029
1029 1083
1083 1128
1128 1171
1171 1206
1206 1240
1240 1263
1263 1287
1287 1302
1302 1312
1312 1315
1315 1312
1312 1305
1305 1294
1294 1273
1273 1249
1249 1222
1222 1188
1188 1146
1146 1101
1101 1054
1054 999
999 937
937 882
882 813
813 741
741 666
666 595
595 514
514 432
432 346
346 268
268 180
180 91
91 12
12 -78
-78 -167
-167 -254
-254 -333
-333 -417
-417 -501
-501 -575
-575 -654
-654 -729
-729 -801
-801 -864
-864 -930
-930 -989
-989 -1041
-1041 -1094
-1094 -1142
-1142 -1182
-1182 -1215
-1215 -1248
-1248 -1272
-1272 -1293
-1293 -1307
-1307 -1314
-1314 -1317
-1317 -1314
-1314 -1307
-1307 -1293
-1293 -1272
-1272 -1248
-1248 -1215
-1215 -1179
-1179 -1142
-1142 -1094
-1094 -1041
-1041 -984
-984 -930
-930 -864
-864 -795
-795 -729
-729 -654
-654 -575
-575 -494
-494 -417
-417 -333
-333 -246
-246 -167
-167 -78
-78 12
12 100
100 180
180 268
268 354
354 432
432 514
514 595
595 672
672 741
741 813
813 882
882 945
945 999
999 1054
1054 1107
1107 1146
1146 1188
1188 1222
1222 1254
1254 1273
1273 1294
1294 1309
1309 1312
1312 1315
1315 1312
1312 1302
1302 1287
1287 1263
1263 1236
1236 1206
1206 1171
1171 1128
1128 1077
1077 1029
1029 972
972 910
910 850
850 780
780 708
708 631
631 559
559 477
477 393
393 307
307 228
228 141
141 52
52 -29
-29 -119
-119 -206
-206 -293
-293 -372
-372 -456
-456 -539
-539 -611
-611 -689
-689 -762
-762 -834
-834 -896
-896 -957
-957 -1016
-1016 -1067
-1067 -1115
-1115 -1160
-1160 -1199
-1199 -1232
-1232 -1259
-1259 -1283
-1283 -1301
-1301 -1311
-1311 -1317
-1317 -1317
-1317 -1311
-1311 -1301
-1301 -1283
-1283 -1259
-1259 -1235
-1208 -1173
-1173 -1136
-1136 -1097
-1097 -1047
-1047 -995
-995 -938
-938 -881
-881 -816
-816 -747
-747 -681
-681 -605
-605 -527
-527 -447
-447 -371
-371 -287
-287 -201
-201 -123
-123 -36
-36 51
51 138
138 216
216 301
301 384
384 460
460 540
540 618
618 693
693 757
757 826
826 891
891 951
951 1003
1003 1054
1054 1104
1104 1140
1140 1177
1177 1210
1210 1236
1236 1257
1257 1273
1273 1284
1284 1287
1287 1287
1287 1281
1281 1267
1267 1249
1249 1227
1227 1197
1197 1165
1165 1128
1128 1083
1083 1032
1032 982
982 925
925 862
862 801
801 730
730 657
657 582
582 511
511 429
429 346
346 262
262 184
184 97
97 10
10 -68
-68 -155
-155 -240
-240 -326
-326 -401
-401 -483
-483 -563
-563 -633
-633 -707
-707 -777
-777 -846
-846 -905
-905 -963
-963 -1019
-1019 -1067
-1067 -1112
-1112 -1154
-1154 -1190
-1190 -1218
-1218 -1245
-1245 -1265
-1265 -1275
-1275 -1286
-1286 -1289
-1289 -1286
-1286 -1280
-1280 -1265
-1265 -1245
-1245 -1221
-1221 -1193
-1193 -1157
-1157 -1118
-1118 -1076
-1076 -1025
-1025 -968
-968 -909
-909 -852
-852 -785
-785 -713
-713 -647
-647 -570
-570 -489
-489 -408
-408 -333
-333 -249
-249 -162
-162 -84
-84 3
3 90
90 177
177 255
255 339
339 423
423 496
496 576
576 652
652 724
724 789
789 855
855 918
918 976
976 1029
1029 1077
1077 1122
1122 1158
1158 1194
1194 1222
1222 1246
1246 1263
1263 1278
1278 1284
1284 1287
1287 1284
1284 1273
1273 1260
1260 1240
1240 1213
1213 1180
1180 1149
1149 1107
1107 1059
1059 1006
1006 955
955 895
895 832
832 769
769 697
697 624
624 547
547 474
474 391
391 309
309 223
223 145
145 58
58 -29
-29 -108
-108 -194
-194 -279
-279 -363
-363 -438
-438 -519
-519 -599
-599 -666
-666 -741
-741 -810
-810 -876
-876 -932
-932 -989
-989 -1044
-1044 -1088
-1088 -1133
-1133 -1170
-1170 -1205
-1205 -1232
-1232 -1256
-1256 -1272
-1272 -1283
-1283 -1289
-1289 -1289
-1289 -1283
-1283 -1272
-1272 -1259
-1259 -1235
-1235 -1208
-1208 -1176
-1176 -1139
-1139 -1097
-1097 -1053
-1053 -1001
-1001 -942
-942 -881
-881 -821
-821 -753
-753 -681
-681 -611
-611 -534
-534 -455
-455 -371
-371 -294
-294 -210
-210 -123
-123 -44
-44 42
42 129
129 216
216 292
292 376
376 460
460 532
532 609
609 685
685 757
757 819
819 886
886 945
945 1003
1003 1051
1051 1098
1098 1140
1140 1174
1174 1210
1210 1236
1236 1257
1257 1270
1270 1284
1284 1287
1287 1287
1287 1281
1281 1267
1267 1249
1249 1230
1230 1200
1200 1165
1165 1131
1131 1086
1086 1036
1036 982
982 930
930 867
867 801
801 739
739 664
664 588
588 511
511 436
436 354
354 270
270 184
184 106
103 18
18 -66
-66 -144
-144 -228
-228 -311
-311 -393
-393 -465
-465 -545
-545 -620
-620 -684
-684 -755
-755 -821
-821 -885
-885 -938
-938 -992
-992 -1044
-1044 -1085
-1085 -1127
-1127 -1160
-1160 -1193
-1193 -1215
-1215 -1235
-1235 -1248
-1248 -1259
-1259 -1262
-1262 -1259
-1259 -1251
-1251 -1238
-1238 -1221
-1221 -1196
-1196 -1167
-1167 -1136
-1136 -1097
-1097 -1053
-1053 -1008
-1008 -953
-953 -896
-896 -834
-834 -774
-774 -705
-705 -633
-633 -566
-566 -488
-488 -408
-408 -326
-326 -251
-251 -167
-167 -83
-83 -5
-5 81
81 165
165 249
249 324
324 406
406 486
486 556
556 631
631 703
703 772
772 832
832 894
894 951
951 1006
1006 1051
1051 1095
1095 1134
1134 1165
1165 1194
1194 1219
1219 1236
1236 1249
1249 1257
1257 1260
1260 1257
1257 1246
1246 1233
1233 1213
1213 1191
1191 1158
1158 1125
1125 1086
1086 1042
1042 990
990 936
936 883
883 819
819 753
753 690
690 618
618 543
543 463
463 391
391 309
309 226
226 142
142 64
64 -20
-20 -105
-105 -182
-182 -266
-266 -348
-348 -429
-429 -501
-501 -578
-578 -653
-653 -717
-717 -786
-786 -851
-851 -912
-912 -963
-963 -1016
-1016 -1064
-1064 -1106
-1106 -1142
-1142 -1176
-1176 -1205
-1205 -1224
-1224 -1242
-1242 -1256
-1256 -1262
-1262 -1262
-1262 -1259
-1259 -1245
-1245 -1232
-1232 -1212
-1212 -1185
-1185 -1151
-1151 -1118
-1118 -1076
-1076 -1031
-1031 -984
-984 -927
-927 -869
-869 -803
-803 -743
-743 -672
-672 -599
-599 -530
-530 -452
-452 -371
-371 -288
-288 -213
-213 -129
-129 -44
-44 34
34 118
118 204
204 286
286 361
361 442
442 520
520 589
589 664
664 735
735 801
801 859
859 921
921 976
976 1029
1029 1071
1071 1113
1113 1149
1149 1180
1180 1206
1206 1230
1230 1243
1243 1254
1254 1260
1260 1260
1260 1254
1254 1243
1243 1227
1227 1203
1203 1177
1177 1143
1143 1107
1107 1065
1065 1020
1020 966
966 910
910 855
855 790
790 723
723 657
657 583
583 507
507 427
427 354
354 271
271 187
187 103
103 27
27 -59
-59 -144
-144 -221
-221 -303
-303 -386
-386 -465
-465 -537
-537 -612
-612 -684
-684 -749
-749 -816
-816 -878
-878 -938
-938 -987
-987 -1038
-1038 -1085
-1085 -1124
-1124 -1157
-1157 -1190
-1190 -1215
-1215 -1235
-1235 -1248
-1248 -1259
-1259 -1262
-1262 -1259
-1259 -1251
-1251 -1238
-1238 -1221
-1221 -1199
-1199 -1170
-1170 -1136
-1136 -1100
-1100 -1056
-1056 -1008
-1008 -957
-957 -900
-900 -839
-839 -774
-774 -711
-711 -641
-641 -566
-566 -494
-494 -416
-416 -333
-333 -251
-251 -174
-174 -90
-90 -5
-5 72
72 157
157 241
241 324
324 399
399 477
477 556
556 624
624 696
696 765
765 832
832 888
888 945
945 1000
1000 1051
1051 1092
1092 1131
1131 1165
1165 1194
1194 1216
1216 1236
1236 1249
1249 1257
1257 1260
1260 1257
1257 1249
1249 1236
1236 1216
1216 1191
1191 1162
1162 1128
1128 1086
1086 1045
1045 996
996 940
940 883
883 826
826 759
759 690
690 624
624 549
549 471
471 391
391 316
316 234
234 150
150 64
64 -12
-12 -98
-98 -182
-182 -258
-258 -341
-341 -422
-422 -501
-501 -572
-572 -645
-645 -717
-717 -780
-780 -846
-846 -908
-908 -963
-963 -1011
-1011 -1061
-1061 -1106
-1106 -1139
-1139 -1173
-1173 -1202
-1202 -1224
-1224 -1242
-1242 -1256
-1256 -1262
-1262 -1262
-1262 -1259
-1259 -1248
-1248 -1232
-1232 -1212
-1212 -1185
-1185 -1154
-1154 -1118
-1118 -1082
-1082 -1034
-1034 -984
-984 -932
-932 -873
-873 -810
-810 -743
-743 -680
-680 -606
-606 -530
-530 -458
-458 -378
-378 -296
-296 -213
-213 -137
-137 -51
-51 34
34 111
111 195
195 279
279 361
361 435
435 514
514 589
589 657
657 729
729 798
798 859
859 915
915 972
972 1023
1023 1071
1071 1110
1110 1146
1146 1180
1180 1203
1203 1227
1227 1243
1243 1254
1254 1260
1260 1260
1260 1254
1254 1243
1243 1227
1227 1203
1203 1177
1177 1146
1146 1110
1110 1065
1065 1023
1023 972
972 915
915 855
855 798
798 729
729 657
657 589
589 514
514 435
435 354
354 279
279 195
195 111
111 27
27 -51
-51 -137
-137 -221
-221 -296
-296 -378
-378 -458
-458 -537
-537 -606
-606 -680
-680 -749
-749 -810
-810 -873
-873 -932
-932 -987
-987 -1034
-1034 -1082
-1082 -1124
-1124 -1154
-1154 -1185
-1185 -1212
-1212 -1235
-1235 -1248
-1248 -1259
-1259 -1262
-1262 -1262
-1262 -1256
-1256 -1242
-1242 -1221
-1221 -1202
-1202 -1173
-1173 -1139
-1139 -1100
-1100 -1061
-1061 -1011
-1011 -957
-957 -908
-908 -846
-846 -780
-780 -711
-711 -645
-645 -572
-572 -494
-494 -422
-422 -341
-341 -258
-258 -174
-174 -98
-98 -12
-12 72
72 150
150 234
234 316
316 399
399 471
471 549
549 624
624 690
690 759
759 826
826 888
888 940
940 996
996 1045
1045 1092
1092 1128
1128 1162
1162 1194
1194 1216
1216 1236
1236 1249
1249 1257
1257 1260
1260 1257
1257 1249
1249 1236
1236 1216
1216 1194
1194 1162
1162 1131
1131 1092
1092 1045
1045 1000
1000 945
945 888
888 826
826 765
765 696
696 624
624 556
556 477
477 399
399 316
316 241
241 157
157 72
72 -12
-12 -90
-90 -174
-174 -258
-258 -333
-333 -416
-416 -494
-494 -572
-572 -641
-641 -711
-711 -780
-780 -839
-839 -900
-900 -957
-957 -1011
-1011 -1056
-1056 -1100
-1100 -1139
-1139 -1170
-1170 -1199
-1199 -1221
-1221 -1242
-1242 -1251
-1251 -1259
-1259 -1262
-1262 -1259
-1259 -1248
-1248 -1235
-1235 -1212
-1212 -1190
-1190 -1157
-1157 -1124
-1124 -1082
-1082 -1038
-1016 -966
-966 -912
-912 -860
-860 -800
-800 -732
-732 -665
-665 -600
-600 -525
-525 -449
-449 -377
-377 -297
-297 -216
-216 -134
-134 -57
-57 25
25 109
109 184
184 265
265 346
346 426
426 496
496 571
571 643
643 708
708 774
774 837
837 895
895 945
945 999
999 1042
1042 1086
1086 1119
1119 1152
1152 1177
1177 1200
1200 1216
1216 1227
1227 1233
1233 1233
1233 1227
1227 1216
1216 1203
1203 1180
1180 1155
1155 1122
1122 1089
1089 1048
1048 1000
1000 955
955 900
900 841
841 780
780 718
718 651
651 577
577 510
510 433
433 354
354 273
273 199
199 117
117 33
33 -50
-50 -126
-126 -209
-209 -290
-290 -363
-363 -443
-443 -518
-518 -593
-593 -657
-657 -726
-726 -792
-792 -851
-851 -908
-908 -963
-963 -1011
-1011 -1053
-1053 -1094
-1094 -1130
-1130 -1160
-1160 -1185
-1185 -1205
-1205 -1221
-1221 -1232
-1232 -1235
-1235 -1235
-1235 -1229
-1229 -1215
-1215 -1199
-1199 -1176
-1176 -1151
-1151 -1118
-1118 -1082
-1082 -1038
-1038 -995
-995 -942
-942 -888
-888 -833
-833 -770
-770 -702
-702 -632
-632 -566
-566 -491
-491 -413
-413 -341
-341 -260
-260 -179
-179 -95
-95 -20
-20 63
63 147
147 222
222 303
303 382
382 460
460 531
531 604
604 675
675 736
736 801
801 865
865 921
921 969
969 1020
1020 1062
1062 1104
1104 1134
1134 1165
1165 1191
1191 1206
1206 1219
1219 1230
1230 1233
1233 1230
1230 1222
1222 1210
1210 1194
1194 1168
1168 1140
1140 1107
1107 1071
1071 1029
1029 979
979 930
930 874
874 814
814 748
748 688
688 618
618 544
544 475
475 397
397 316
316 237
237 162
162 78
78 -5
-5 -89
-89 -164
-164 -245
-245 -327
-327 -399
-399 -477
-477 -554
-554 -626
-626 -690
-690 -756
-756 -821
-821 -876
-876 -932
-932 -987
-987 -1034
-1034 -1073
-1073 -1112
-1112 -1145
-1145 -1170
-1170 -1196
-1196 -1212
-1212 -1224
-1224 -1232
-1232 -1235
-1235 -1232
-1232 -1221
-1221 -1208
-1208 -1190
-1190 -1164
-1164 -1136
-1136 -1103
-1103 -1061
-1061 -1016
-1016 -971
-971 -917
-917 -860
-860 -803
-803 -738
-738 -671
-671 -600
-600 -533
-533 -455
-455 -377
-377 -305
-305 -224
-224 -141
-141 -57
-57 18
18 102
102 184
184 258
258 339
339 418
418 496
496 564
564 636
636 708
708 768
768 831
831 891
891 945
945 993
993 1039
1039 1083
1083 1119
1119 1149
1149 1177
1177 1200
1200 1213
1213 1227
1227 1233
1233 1233
1233 1230
1230 1216
1216 1203
1203 1183
1183 1158
1158 1125
1125 1089
1089 1051
1051 1006
1006 955
955 906
906 849
849 784
784 718
718 655
655 583
583 510
510 441
441 361
361 280
280 199
199 124
124 40
40 -42
-42 -126
-126 -201
-197 -276
-276 -356
-356 -426
-426 -501
-501 -573
-573 -644
-644 -705
-705 -770
-770 -833
-833 -884
-884 -938
-938 -987
-987 -1031
-1031 -1067
-1067 -1103
-1103 -1136
-1136 -1157
-1157 -1179
-1179 -1193
-1193 -1205
-1205 -1208
-1208 -1208
-1208 -1202
-1202 -1193
-1193 -1176
-1176 -1154
-1154 -1127
-1127 -1097
-1097 -1061
-1061 -1019
-1019 -974
-974 -927
-927 -873
-873 -815
-815 -759
-759 -695
-695 -624
-624 -554
-554 -488
-488 -411
-411 -333
-333 -261
-261 -182
-182 -101
-101 -20
-20 55
55 136
136 217
217 289
289 367
367 444
444 519
519 585
585 654
654 721
721 780
780 840
840 895
895 948
948 993
993 1036
1036 1077
1077 1110
1110 1137
1137 1162
1162 1180
1180 1194
1194 1203
1203 1206
1206 1203
1203 1197
1197 1183
1183 1168
1168 1146
1146 1119
1119 1086
1086 1048
1048 1009
1009 964
964 910
910 859
859 801
801 739
739 673
673 610
610 540
540 465
465 396
396 318
318 238
238 157
157 84
84 3
3 -78
-78 -159
-159 -233
-233 -312
-312 -390
-390 -459
-459 -534
-534 -606
-606 -675
-675 -735
-735 -800
-800 -857
-857 -908
-908 -960
-960 -1008
-1008 -1050
-1050 -1085
-1085 -1118
-1118 -1145
-1145 -1167
-1167 -1185
-1185 -1199
-1199 -1205
-1205 -1208
-1208 -1205
-1205 -1196
-1196 -1185
-1185 -1167
-1167 -1142
-1142 -1112
-1112 -1082
-1082 -1041
-1041 -1001
-1001 -950
-950 -902
-902 -848
-848 -786
-786 -729
-729 -663
-663 -593
-593 -521
-521 -453
-453 -375
-375 -299
-299 -225
-225 -146
-146 -63
-63 18
18 91
91 172
172 253
253 325
325 402
402 478
478 552
552 616
616 685
685 751
751 808
808 867
867 921
921 972
972 1014
1014 1056
1056 1092
1092 1125
1125 1149
1149 1171
1171 1188
1188 1200
1200 1206
1206 1206
1206 1203
1203 1194
1194 1177
1177 1158
1158 1134
1134 1104
1104 1068
1068 1029
1029 987
987 940
940 886
886 835
835 774
774 709
709 642
642 579
579 505
505 430
430 360
360 282
282 202
202 121
121 48
48 -35
-35 -116
-116 -197
-197 -269
-269 -348
-348 -426
-426 -494
-494 -567
-567 -638
-638 -705
-705 -765
-765 -825
-825 -884
-884 -932
-932 -981
-981 -1028
-1028 -1067
-1067 -1100
-1100 -1133
-1133 -1157
-1157 -1176
-1176 -1193
-1193 -1202
-1202 -1208
-1208 -1208
-1208 -1202
-1202 -1193
-1193 -1176
-1176 -1154
-1154 -1130
-1130 -1097
-1097 -1064
-1064 -1022
-1022 -978
-978 -927
-927 -878
-878 -821
-821 -759
-759 -699
-699 -632
-632 -561
-561 -488
-488 -419
-419 -341
-341 -261
-261 -189
-189 -108
-108 -27
-27 55
55 129
129 210
210 289
289 360
360 436
436 513
513 585
585 649
649 715
715 780
780 835
835 891
891 943
943 993
993 1033
1033 1074
1074 1107
1107 1137
1137 1158
1134 1155
1155 1168
1168 1177
1177 1180
1180 1177
1177 1171
1171 1162
1162 1143
1143 1122
1122 1098
1098 1065
1065 1029
1029 987
987 945
945 895
895 841
841 790
790 729
729 664
664 598
598 534
534 460
460 387
387 318
318 240
240 162
162 82
82 10
10 -69
-69 -149
-149 -228
-228 -299
-299 -375
-375 -449
-449 -516
-516 -587
-587 -654
-654 -719
-719 -776
-776 -834
-834 -888
-888 -935
-935 -981
-981 -1025
-1025 -1061
-1061 -1091
-1091 -1121
-1121 -1142
-1142 -1160
-1160 -1173
-1173 -1179
-1179 -1182
-1182 -1179
-1179 -1173
-1173 -1160
-1160 -1142
-1142 -1121
-1121 -1091
-1091 -1058
-1058 -1025
-1025 -981
-981 -935
-935 -884
-884 -834
-834 -776
-776 -713
-713 -654
-654 -587
-587 -516
-516 -443
-443 -375
-375 -299
-299 -221
-221 -149
-149 -69
-69 10
10 90
90 162
162 240
240 318
318 387
387 460
460 534
534 603
603 664
664 729
729 790
790 841
841 895
895 945
945 993
993 1029
1029 1065
1065 1098
1098 1125
1125 1143
1143 1162
1162 1174
1174 1177
1177 1180
1180 1177
1177 1168
1168 1155
1155 1134
1134 1110
1110 1083
1083 1051
1051 1012
1012 966
966 922
922 871
871 817
817 763
763 700
700 634
634 567
567 501
501 427
427 352
352 283
283 205
205 126
126 46
46 -26
-26 -107
-107 -185
-185 -263
-263 -333
-333 -410
-410 -483
-483 -549
-549 -618
-618 -684
-684 -749
-749 -803
-803 -860
-860 -912
-912 -957
-957 -1001
-1001 -1041
-1041 -1076
-1076 -1106
-1106 -1130
-1130 -1151
-1151 -1167
-1167 -1176
-1176 -1182
-1182 -1182
-1182 -1176
-1176 -1167
-1167 -1151
-1151 -1133
-1133 -1109
-1109 -1076
-1076 -1041
-1041 -1005
-1005 -960
-960 -912
-912 -860
-860 -807
-807 -749
-749 -684
-684 -624
-624 -555
-555 -483
-483 -410
-410 -341
-341 -263
-263 -185
-185 -113
-113 -33
-33 46
46 126
126 198
198 276
276 352
352 421
421 495
495 567
567 634
634 694
694 757
757 817
817 867
867 921
921 966
966 1012
1012 1045
1045 1080
1080 1110
1110 1134
1134 1152
1152 1168
1168 1177
1177 1180
1180 1180
1180 1174
1174 1162
1162 1146
1146 1125
1125 1098
1098 1068
1068 1033
1033 993
993 945
945 900
900 849
849 790
790 735
735 670
670 603
603 534
534 468
468 394
394 318
318 247
247 169
169 90
90 10
10 -63
-63 -143
-143 -221
-221 -299
-299 -368
-368 -443
-443 -516
-516 -581
-581 -648
-648 -713
-713 -776
-776 -830
-830 -884
-884 -935
-935 -978
-978 -1019
-1019 -1058
-1058 -1091
-1091 -1118
-1118 -1142
-1142 -1160
-1160 -1170
-1170 -1179
-1179 -1182
-1182 -1179
-1179 -1173
-1173 -1160
-1160 -1142
-1142 -1121
-1121 -1094
-1094 -1061
-1061 -1025
-1025 -987
-987 -939
-939 -888
-888 -834
-834 -782
-782 -719
-719 -654
-654 -593
-593 -522
-522 -449
-449 -375
-375 -305
-305 -228
-228 -149
-149 -77
-77 3
3 82
82 162
162 234
234 310
310 387
387 454
454 528
528 598
598 664
664 723
723 784
784 841
841 891
891 943
943 987
987 1029
1029 1062
1062 1095
1095 1122
1122 1143
1143 1158
1158 1171
1171 1177
1177 1180
1180 1177
1177 1168
1168 1155
1155 1137
1137 1113
1113 1083
1083 1054
1054 1014
1014 972
972 922
922 876
876 822
822 763
763 705
705 640
640 573
573 501
501 435
435 358
358 283
283 211
211 133
133 54
54 -26
-26 -99
-99 -179
-179 -257
-257 -333
-333 -402
-402 -477
-477 -549
-549 -611
-611 -680
-680 -743
-743 -803
-803 -855
-855 -908
-908 -957
-957 -998
-998 -1038
-1038 -1073
-1073 -1106
-1106 -1130
-1130 -1151
-1151 -1167
-1167 -1176
-1176 -1182
-1182 -1182
-1182 -1176
-1176 -1167
-1167 -1154
-1154 -1133
-1133 -1112
-1112 -1079
-1079 -1044
-1044 -1005
-1005 -966
-966 -917
-917 -864
-864 -807
-807 -753
-753 -690
-690 -624
-624 -561
-561 -489
-489 -417
-417 -341
-341 -270
-270 -192
-192 -113
-113 -41
-41 39
39 118
118 198
198 268
268 346
346 421
421 487
487 559
559 628
628 694
694 751
751 813
813 867
867 915
915 964
964 1006
1006 1045
1045 1077
1077 1110
1110 1134
1134 1152
1152 1165
1165 1177
1177 1180
1180 1180
1180 1174
1174 1162
1162 1146
1146 1128
1128 1101
1101 1068
1068 1036
1036 996
996 951
951 900
900 853
853 795
795 735
735 678
678 609
609 540
540 468
468 400
400 325
325 247
247 177
177 97
97 18
18 -63
-63 -135
-135 -213
-213 -291
-291 -368
-368 -437
-437 -510
-510 -581
-581 -642
-642 -707
-707 -770
-770 -830
-830 -878
-878 -930
-930 -978
-978 -1016
-1016 -1056
-1056 -1088
-1088 -1118
-1118 -1139
-1139 -1157
-1157 -1170
-1170 -1179
-1179 -1182
-1182 -1179
-1179 -1173
-1173 -1160
-1160 -1145
-1145 -1121
-1121 -1097
-1097 -1064
-1064 -1028
-1028 -987
-987 -945
-945 -893
-893 -839
-839 -782
-782 -725
-725 -662
-662 -593
-593 -530
-530 -456
-456 -381
-381 -305
-305 -236
-236 -156
-156 -77
-77 -5
-5 75
75 154
154 234
234 303
303 379
379 454
454 520
520 591
591 660
660 723
723 780
780 837
837 891
891 937
937 985
985 1026
1026 1062
1062 1092
1092 1119
1119 1143
1143 1158
1158 1171
1171 1177
1177 1180
1180 1177
1177 1168
1168 1155
1155 1137
1137 1116
1116 1086
1086 1054
1054 1017
1017 976
976 928
928 876
876 828
828 768
768 705
705 646
646 579
579 508
508 435
435 366
366 289
289 211
211 141
141 61
61 -20
-20 -99
-99 -171
-171 -249
-249 -327
-327 -402
-402 -470
-461 -530
-530 -599
-599 -657
-657 -720
-720 -780
-780 -837
-837 -884
-884 -932
-932 -977
-977 -1014
-1014 -1047
-1047 -1079
-1079 -1106
-1106 -1124
-1124 -1139
-1139 -1151
-1151 -1157
-1157 -1157
-1157 -1154
-1154 -1142
-1142 -1130
-1130 -1112
-1112 -1088
-1088 -1058
-1058 -1025
-1025 -987
-987 -945
-945 -902
-902 -851
-851 -797
-797 -737
-737 -681
-681 -617
-617 -549
-549 -486
-486 -414
-414 -341
-341 -264
-264 -195
-195 -119
-119 -39
-39 31
31 109
109 186
186 262
262 331
331 406
406 477
477 541
541 609
609 673
673 735
735 789
789 844
844 895
895 937
937 982
982 1020
1020 1054
1054 1083
1083 1107
1107 1128
1128 1140
1140 1149
1149 1155
1155 1155
1155 1149
1149 1140
1140 1125
1125 1104
1104 1080
1080 1048
1048 1014
1014 976
976 936
936 886
886 835
835 784
784 724
724 663
663 603
603 535
535 465
465 391
391 325
325 249
249 172
172 102
102 24
24 -54
-54 -132
-132 -203
-203 -279
-279 -353
-353 -426
-426 -492
-492 -563
-563 -629
-629 -687
-687 -749
-749 -806
-806 -860
-860 -905
-905 -953
-953 -995
-995 -1031
-1031 -1061
-1061 -1091
-1091 -1115
-1115 -1133
-1133 -1145
-1145 -1154
-1154 -1157
-1157 -1154
-1154 -1148
-1148 -1136
-1136 -1121
-1121 -1100
-1100 -1073
-1073 -1044
-1044 -1008
-1008 -968
-968 -924
-924 -878
-878 -825
-825 -770
-770 -710
-710 -653
-653 -587
-587 -518
-518 -453
-453 -381
-381 -306
-306 -230
-230 -161
-161 -83
-83 -5
-5 66
66 144
144 222
222 297
297 364
364 438
438 510
510 573
573 639
639 702
702 763
763 814
814 867
867 918
918 958
958 1000
1000 1036
1036 1068
1068 1095
1095 1116
1116 1134
1134 1146
1146 1152
1152 1155
1155 1152
1152 1146
1146 1134
1134 1116
1116 1092
1092 1065
1065 1033
1033 996
996 958
958 913
913 862
862 810
810 757
757 696
696 633
633 573
573 502
502 432
432 358
358 291
291 214
214 138
138 66
66 -12
-12 -90
-90 -167
-167 -237
-237 -312
-312 -387
-387 -461
-461 -524
-524 -591
-591 -657
-657 -716
-716 -776
-776 -833
-833 -884
-884 -927
-927 -974
-974 -1014
-1014 -1044
-1044 -1076
-1076 -1103
-1103 -1124
-1124 -1139
-1139 -1151
-1151 -1157
-1157 -1157
-1157 -1154
-1154 -1145
-1145 -1130
-1130 -1112
-1112 -1088
-1088 -1058
-1058 -1031
-1031 -992
-992 -947
-947 -902
-902 -855
-855 -801
-801 -743
-743 -681
-681 -623
-623 -557
-557 -486
-486 -420
-420 -347
-347 -272
-272 -195
-195 -125
-125 -47
-47 31
31 102
102 178
178 256
256 331
331 399
399 471
471 541
541 603
603 669
669 730
730 789
789 840
840 891
891 937
937 976
976 1017
1017 1051
1051 1083
1083 1104
1104 1125
1125 1140
1140 1149
1149 1155
1131 1131
1131 1125
1125 1116
1116 1101
1101 1080
1080 1056
1056 1029
1029 996
996 955
955 918
918 871
871 822
822 768
768 715
715 654
654 589
589 529
529 460
460 391
391 318
318 250
250 175
175 100
100 30
30 -47
-47 -122
-122 -198
-198 -266
-266 -339
-339 -411
-411 -482
-482 -545
-545 -609
-609 -672
-672 -726
-726 -785
-785 -837
-837 -885
-885 -927
-927 -971
-971 -1008
-1008 -1035
-1035 -1064
-1064 -1088
-1088 -1109
-1109 -1121
-1121 -1130
-1130 -1133
-1133 -1133
-1133 -1127
-1127 -1115
-1115 -1097
-1097 -1079
-1079 -1053
-1053 -1022
-1022 -992
-992 -953
-953 -908
-908 -860
-860 -815
-815 -759
-759 -699
-699 -638
-638 -579
-579 -513
-513 -443
-443 -378
-378 -306
-306 -231
-231 -156
-156 -87
-87 -11
-11 64
64 135
135 210
210 285
285 357
357 423
423 492
492 561
561 619
619 681
681 741
741 798
798 844
844 894
894 937
937 975
975 1012
1012 1042
1042 1071
1071 1092
1092 1110
1110 1122
1122 1128
1128 1131
1131 1128
1128 1122
1122 1110
1110 1092
1092 1071
1071 1042
1042 1014
1014 979
979 937
937 898
898 849
849 798
798 741
741 687
687 624
624 561
561 499
499 429
429 357
357 285
285 217
217 141
141 64
64 -5
-5 -81
-81 -156
-156 -231
-231 -300
-300 -372
-372 -443
-443 -513
-513 -575
-575 -638
-638 -699
-699 -753
-753 -807
-807 -860
-860 -908
-908 -947
-947 -987
-987 -1022
-1022 -1050
-1050 -1076
-1076 -1097
-1097 -1115
-1115 -1124
-1124 -1130
-1130 -1133
-1133 -1130
-1130 -1121
-1121 -1109
-1109 -1088
-1088 -1067
-1067 -1038
-1038 -1008
-1008 -974
-974 -932
-932 -885
-885 -837
-837 -788
-788 -732
-732 -672
-672 -609
-609 -551
-551 -482
-482 -411
-411 -345
-345 -273
-273 -198
-198 -122
-122 -53
-53 24
24 100
100 169
169 243
243 318
318 391
391 454
454 523
523 589
589 649
649 709
709 768
768 822
822 867
867 915
915 955
955 993
993 1026
1026 1056
1056 1080
1080 1101
1101 1116
1116 1125
1125 1131
1131 1131
1131 1125
1125 1116
1116 1104
1104 1083
1083 1059
1059 1029
1029 999
999 961
961 918
918 876
876 826
826 772
772 715
715 660
660 597
597 529
529 468
468 397
397 324
324 250
250 183
183 106
106 30
30 -39
-39 -116
-116 -191
-191 -266
-266 -333
-333 -405
-405 -476
-476 -545
-545 -603
-603 -666
-666 -726
-726 -780
-780 -833
-833 -884
-884 -927
-927 -966
-966 -1002
-1002 -1035
-1035 -1064
-1064 -1088
-1088 -1106
-1106 -1121
-1121 -1130
-1130 -1133
-1133 -1133
-1133 -1127
-1127 -1115
-1115 -1100
-1100 -1079
-1079 -1056
-1056 -1025
-1025 -992
-992 -956
-956 -912
-912 -864
-864 -815
-815 -762
-762 -705
-705 -644
-644 -579
-579 -518
-507 -441
-441 -371
-371 -306
-306 -234
-234 -159
-159 -86
-86 -18
-18 57
57 132
132 199
199 271
271 343
343 414
414 477
477 543
543 606
606 661
661 718
718 775
775 826
826 870
870 915
915 954
954 987
987 1017
1017 1045
1045 1068
1068 1083
1083 1095
1095 1104
1104 1107
1107 1104
1104 1098
1098 1086
1086 1071
1071 1048
1048 1023
1023 993
993 961
961 922
922 879
879 835
835 784
784 730
730 672
672 618
618 555
555 487
487 426
426 357
357 285
285 211
211 145
145 70
70 -5
-5 -72
-72 -147
-147 -221
-221 -293
-293 -359
-359 -428
-428 -497
-497 -563
-563 -620
-620 -680
-680 -737
-737 -786
-786 -837
-837 -885
-885 -927
-927 -963
-963 -998
-998 -1028
-1028 -1050
-1050 -1073
-1073 -1088
-1088 -1100
-1100 -1106
-1106 -1109
-1109 -1106
-1106 -1097
-1097 -1085
-1085 -1067
-1067 -1044
-1044 -1019
-1019 -989
-989 -953
-953 -917
-917 -872
-872 -824
-824 -771
-771 -720
-720 -663
-663 -602
-602 -539
-539 -479
-479 -408
-408 -338
-338 -273
-273 -201
-201 -126
-126 -51
-51 16
16 91
91 165
165 232
232 304
304 375
375 445
445 505
505 571
571 634
634 688
688 745
745 799
799 849
849 891
891 933
933 972
972 1000
1000 1032
1032 1056
1056 1077
1077 1089
1089 1101
1101 1107
1107 1107
1107 1104
1104 1092
1092 1080
1080 1062
1062 1039
1039 1009
1009 976
976 943
943 903
903 858
858 813
813 760
760 703
703 645
645 588
588 523
523 457
457 394
394 324
324 252
252 178
178 111
111 36
36 -38
-38 -107
-107 -180
-180 -254
-254 -326
-326 -390
-390 -459
-459 -525
-525 -590
-590 -647
-647 -705
-705 -762
-762 -810
-810 -860
-860 -905
-905 -945
-945 -978
-978 -1011
-1011 -1041
-1041 -1061
-1061 -1082
-1082 -1094
-1094 -1106
-1106 -1109
-1109 -1109
-1109 -1103
-1103 -1094
-1094 -1079
-1079 -1058
-1058 -1034
-1034 -1005
-1005 -974
-974 -935
-935 -897
-897 -851
-851 -801
-801 -747
-747 -696
-696 -636
-636 -573
-573 -507
-507 -447
-447 -377
-377 -306
-306 -240
-240 -167
-167 -93
-93 -18
-18 49
49 124
124 199
199 265
265 336
336 406
406 477
477 537
537 600
600 661
661 715
715 769
769 822
822 870
870 910
910 951
951 987
987 1014
1014 1042
1042 1065
1065 1083
1083 1095
1095 1104
1104 1107
1107 1104
1104 1098
1098 1086
1086 1071
1071 1051
1051 1026
1026 996
996 961
961 925
925 883
883 835
835 789
789 735
735 678
678 618
618 561
561 495
495 426
426 363
363 291
291 219
219 145
145 78
78 3
3 -72
-72 -140
-140 -213
-213 -287
-287 -359
-359 -422
-422 -489
-489 -557
-557 -620
-620 -674
-674 -732
-732 -786
-786 -833
-833 -881
-881 -924
-924 -963
-963 -995
-995 -1025
-1025 -1050
-1050 -1070
-1070 -1088
-1088 -1100
-1100 -1106
-1106 -1109
-1109 -1106
-1106 -1097
-1097 -1088
-1088 -1070
-1070 -1047
-1047 -1019
-1019 -992
-992 -956
-956 -917
-917 -876
-876 -828
-828 -777
-777 -720
-720 -668
-668 -608
-608 -545
-545 -479
-479 -416
-416 -345
-345 -273
-273 -207
-207 -134
-134 -59
-59 16
16 84
84 157
157 232
232 298
298 369
369 439
439 505
505 565
565 628
628 688
688 741
741 795
795 844
844 891
891 930
930 969
969 1000
1000 1029
1029 1054
1054 1074
1074 1089
1089 1101
1101 1107
1107 1107
1107 1104
1104 1095
1095 1080
1080 1062
1062 1039
1039 1012
1012 979
979 943
943 906
906 862
862 813
813 765
765 709
709 651
651 588
588 531
531 463
463 394
394 330
330 258
258 184
184 111
111 43
43 -32
-32 -107
-107 -173
-173 -246
-246 -318
-318 -390
-390 -453
-453 -519
-519 -585
-585 -647
-647 -702
-702 -756
-756 -810
-810 -855
-855 -900
-900 -942
-942 -978
-978 -1008
-1008 -1038
-1038 -1061
-1061 -1079
-1079 -1094
-1094 -1103
-1103 -1109
-1109 -1109
-1109 -1103
-1103 -1094
-1094 -1079
-1079 -1058
-1058 -1035
-1035 -1005
-1005 -977
-977 -938
-938 -897
-897 -855
-855 -806
-806 -753
-753 -696
-696 -642
-642 -579
-579 -515
-515 -447
-447 -384
-384 -312
-312 -240
-240 -173
-173 -99
-99 -24
-24 49
49 118
118 192
192 265
265 330
330 400
400 469
469 537
537 595
595 655
655 715
715 765
765 817
817 865
865 910
910 948
948 985
985 1014
1014 1039
1039 1062
1062 1083
1083 1095
1095 1104
1104 1107
1107 1104
1104 1098
1098 1089
1089 1071
1071 1051
1051 1029
1029 999
999 964
964 925
925 886
886 840
840 789
789 741
741 682
682 622
622 561
561 499
499 432
432 363
363 298
298 225
225 151
151 78
78 9
9 -66
-66 -140
-140 -207
-207 -281
-281 -351
-351 -422
-422 -483
-483 -551
-551 -612
-612 -674
-674 -726
-726 -782
-782 -833
-833 -876
-876 -920
-920 -960
-960 -995
-995 -1022
-1022 -1050
-1050 -1070
-1070 -1088
-1088 -1100
-1100 -1106
-1106 -1109
-1109 -1106
-1106 -1100
-1100 -1088
-1088 -1070
-1070 -1050
-1050 -1022
-1022 -992
-992 -960
-960 -920
-920 -876
-876 -833
-833 -782
-782 -726
-726 -668
-668 -612
-612 -551
-551 -483
-483 -416
-416 -351
-351 -281
-281 -207
-207 -140
-140 -66
-66 9
9 84
84 151
151 225
225 298
298 363
363 432
432 499
499 565
565 622
622 682
682 741
741 789
789 840
840 886
886 930
930 964
964 999
999 1029
1029 1051
1051 1071
1071 1089
1089 1101
1101 1104
1104 1107
1107 1104
1104 1095
1095 1083
1059 1039
1039 1017
1017 993
993 964
964 928
928 886
886 846
846 799
799 748
748 700
700 642
642 582
582 519
519 460
460 391
391 322
322 259
259 187
187 115
115 42
42 -24
-24 -98
-98 -170
-170 -236
-236 -306
-306 -375
-375 -443
-443 -503
-503 -567
-567 -629
-629 -687
-687 -737
-737 -788
-788 -837
-837 -878
-878 -917
-917 -956
-956 -987
-987 -1014
-1014 -1035
-1035 -1056
-1056 -1070
-1070 -1079
-1079 -1085
-1085 -1085
-1085 -1079
-1079 -1070
-1070 -1056
-1056 -1038
-1038 -1016
-1016 -987
-987 -956
-956 -923
-923 -881
-881 -837
-837 -792
-792 -741
-741 -687
-687 -629
-629 -573
-573 -509
-509 -443
-443 -375
-375 -312
-312 -242
-242 -170
-170 -104
-104 -30
-30 42
42 115
115 181
181 253
253 322
322 387
387 453
453 519
519 582
582 636
636 694
694 748
748 795
795 844
844 886
886 928
928 958
958 990
990 1017
1017 1039
1039 1056
1056 1071
1071 1080
1080 1083
1083 1083
1083 1077
1077 1065
1065 1051
1051 1032
1032 1006
1006 979
979 948
948 910
910 867
867 826
826 778
778 724
724 673
673 615
615 553
553 489
489 429
429 361
361 291
291 226
226 154
154 82
82 9
9 -57
-57 -131
-131 -203
-203 -267
-267 -338
-338 -407
-407 -473
-473 -533
-533 -596
-596 -654
-654 -711
-711 -761
-761 -810
-810 -857
-857 -897
-897 -935
-935 -971
-971 -1001
-1001 -1025
-1025 -1047
-1047 -1064
-1064 -1073
-1073 -1082
-1082 -1085
-1085 -1082
-1082 -1076
-1076 -1064
-1064 -1047
-1047 -1028
-1028 -1002
-1002 -974
-974 -939
-939 -905
-905 -861
-861 -815
-815 -770
-770 -717
-717 -659
-659 -600
-600 -545
-545 -479
-479 -413
-413 -344
-344 -281
-281 -209
-209 -137
-137 -71
-71 3
3 75
75 148
148 214
214 285
285 355
355 417
417 484
484 549
549 609
609 663
663 718
718 772
772 817
817 865
865 906
906 943
943 975
975 1003
1003 1029
1029 1048
1048 1062
1062 1074
1074 1080
1080 1083
1083 1080
1080 1071
1071 1059
1059 1042
1042 1020
1020 993
993 966
966 930
930 891
891 846
846 804
804 753
753 700
700 646
646 586
586 525
525 460
460 399
399 330
330 259
259 195
195 121
121 49
49 -24
-24 -90
-90 -164
-164 -236
-236 -300
-300 -369
-369 -437
-437 -503
-503 -561
-561 -623
-623 -681
-681 -737
-737 -785
-785 -833
-833 -878
-878 -915
-915 -953
-953 -984
-984 -1014
-1014 -1035
-1035 -1056
-1056 -1070
-1070 -1079
-1079 -1085
-1085 -1085
-1085 -1079
-1079 -1070
-1070 -1058
-1058 -1038
-1038 -1019
-1019 -989
-989 -957
-957 -923
-923 -885
-885 -842
-842 -792
-792 -747
-747 -690
-690 -633
-633 -573
-573 -515
-515 -449
-449 -381
-381 -312
-312 -248
-243 -173
-173 -102
-102 -36
-36 34
34 106
106 177
177 241
241 310
310 378
378 438
438 501
501 564
564 622
622 673
673 729
729 778
778 822
822 865
865 903
903 937
937 966
966 996
996 1017
1017 1033
1033 1045
1045 1056
1056 1059
1059 1059
1059 1054
1054 1042
1042 1029
1029 1012
1012 987
987 958
958 930
930 894
894 853
853 808
808 765
765 714
714 660
660 607
607 547
547 484
484 420
420 358
358 291
291 222
222 157
157 87
87 15
15 -56
-56 -122
-122 -192
-192 -261
-261 -324
-324 -392
-392 -458
-458 -521
-521 -576
-576 -635
-635 -690
-690 -744
-744 -788
-788 -834
-834 -878
-878 -912
-912 -947
-947 -977
-977 -1002
-1002 -1022
-1022 -1038
-1038 -1050
-1050 -1058
-1058 -1061
-1061 -1058
-1058 -1053
-1053 -1041
-1041 -1028
-1028 -1005
-1005 -984
-984 -956
-956 -923
-923 -885
-885 -848
-848 -801
-801 -753
-753 -705
-705 -651
-651 -593
-593 -533
-533 -476
-476 -410
-410 -342
-342 -275
-275 -212
-212 -141
-141 -69
-69 -5
-5 67
67 139
139 210
210 273
273 340
340 408
408 468
468 531
531 591
591 649
649 700
700 751
751 799
799 841
841 883
883 921
921 954
954 979
979 1003
1003 1026
1026 1039
1039 1051
1051 1056
1056 1059
1059 1056
1056 1048
1048 1036
1036 1020
1020 1000
1000 975
975 945
945 913
913 876
876 832
832 786
786 742
742 688
688 633
633 580
580 519
519 456
456 390
390 328
328 259
259 190
190 126
126 54
54 -17
-17 -89
-89 -153
-153 -224
-224 -293
-293 -356
-356 -422
-422 -486
-486 -549
-549 -603
-603 -662
-662 -716
-716 -767
-767 -810
-810 -855
-855 -896
-896 -930
-930 -960
-960 -989
-989 -1014
-1014 -1031
-1031 -1044
-1044 -1056
-1056 -1061
-1061 -1061
-1061 -1058
-1058 -1047
-1047 -1035
-1035 -1019
-1019 -998
-998 -971
-971 -939
-939 -905
-905 -867
-867 -828
-828 -780
-780 -731
-731 -681
-681 -624
-624 -566
-566 -503
-503 -446
-446 -380
-380 -312
-312 -243
-243 -179
-179 -108
-108 -36
-36 28
28 100
100 171
171 241
241 303
303 372
372 438
438 496
496 559
559 618
618 673
673 723
723 774
774 822
822 859
859 900
900 936
936 966
966 993
993 1014
1014 1033
1033 1045
1045 1054
1054 1059
1059 1059
1059 1054
1054 1045
1045 1032
1032 1012
1012 990
990 961
961 930
930 895
895 858
858 813
813 765
765 718
718 664
664 607
607 553
553 490
490 426
426 358
358 298
298 228
228 157
157 93
93 22
22 -50
-50 -122
-122 -185
-185 -255
-255 -324
-324 -386
-386 -452
-452 -516
-516 -576
-576 -630
-630 -687
-687 -738
-738 -788
-788 -830
-812 -855
-855 -893
-893 -924
-924 -953
-953 -978
-978 -1001
-1001 -1016
-1016 -1028
-1028 -1035
-1035 -1038
-1038 -1035
-1035 -1031
-1031 -1019
-1019 -1005
-1005 -987
-987 -963
-963 -938
-938 -905
-905 -869
-869 -830
-830 -788
-788 -741
-741 -690
-690 -642
-642 -585
-585 -527
-527 -465
-465 -407
-407 -342
-342 -275
-275 -207
-207 -144
-144 -74
-74 -5
-5 60
60 129
129 199
199 267
267 327
327 393
393 457
457 514
514 573
573 630
630 685
685 730
730 778
778 823
823 859
859 898
898 930
930 958
958 982
982 1000
1000 1017
1017 1029
1029 1033
1033 1036
1036 1033
1033 1029
1029 1017
1017 1000
1000 979
979 955
955 928
928 894
894 859
859 819
819 774
774 727
727 679
679 624
624 568
568 514
514 451
451 387
387 321
321 261
261 192
192 123
123 60
60 -11
-11 -80
-80 -150
-150 -213
-213 -281
-281 -348
-348 -407
-407 -470
-470 -531
-531 -590
-590 -642
-642 -696
-696 -747
-747 -792
-792 -833
-833 -873
-873 -909
-909 -938
-938 -966
-966 -989
-989 -1008
-1008 -1022
-1022 -1034
-1034 -1038
-1038 -1038
-1038 -1035
-1035 -1028
-1028 -1014
-1014 -998
-998 -977
-977 -950
-950 -924
-924 -890
-890 -851
-851 -810
-792 -750
-750 -704
-704 -653
-653 -603
-590 -536
-536 -479
-479 -417
-417 -360
-353 -291
-291 -228
-228 -164
-164 -105
-105 -39
-39 25
25 85
85 150
147 210
210 273
273 328
328 387
379 435
435 486
486 538
538 588
576 621
621 661
661 702
702 739
739 769
769 801
801 828
828 853
835 850
850 867
867 879
879 886
867 871
871 871
871 867
867 859
841 831
831 814
814 798
798 775
775 751
751 721
721 693
693 657
643 606
606 567
567 528
528 483
472 426
426 382
382 333
333 282
276 225
225 177
177 124
124 70
70 21
21 -33
-33 -87
-87 -140
-137 -185
-185 -236
-236 -285
-285 -329
-323 -369
-369 -413
-413 -455
-455 -492
-482 -519
-519 -555
-555 -587
-587 -615
-615 -644
-644 -668
-668 -687
-687 -705
-690 -705
-705 -719
-719 -726
-726 -732
-717 -719
-719 -719
-719 -716
-716 -707
-692 -681
-681 -671
-671 -654
-654 -635
-635 -617
-617 -591
-591 -564
-564 -534
-522 -495
-495 -462
-462 -426
-426 -392
-383 -345
-345 -305
-305 -264
-264 -225
-221 -179
-179 -135
-135 -92
-92 -51
-51 -8
-8 37
37 78
78 121
118 162
162 202
202 240
240 280
274 312
312 345
345 379
379 412
403 435
435 460
460 487
487 511
511 531
531 552
552 568
568 583
571 582
582 591
591 598
598 601
588 589
589 588
588 585
585 579
567 558
558 547
547 532
532 517
517 499
499 478
478 459
459 433
424 399
399 370
370 343
343 312
304 274
274 243
243 210
210 174
171 136
136 103
103 67
67 31
31 -3
-3 -39
-39 -75
-75 -111
-110 -141
-141 -176
-176 -209
-209 -239
-233 -264
-264 -293
-293 -321
-321 -345
-338 -363
-363 -386
-386 -408
-408 -426
-426 -443
-443 -459
-459 -471
-471 -483
-473 -482
-482 -489
-489 -494
-494 -497
-486 -488
-488 -486
-486 -482
-482 -477
-467 -458
-458 -449
-449 -437
-437 -425
-425 -410
-410 -393
-393 -372
-372 -353
-345 -324
-324 -302
-302 -278
-278 -254
-248 -222
-222 -195
-195 -167
-167 -140
-137 -108
-108 -78
-78 -48
-48 -21
-21 9
9 39
39 66
66 96
93 121
121 150
150 175
175 201
196 222
222 244
244 267
267 289
283 303
303 319
319 337
337 352
352 366
366 378
378 390
390 399
390 397
397 402
402 406
406 408
399 399
399 397
397 394
394 390
381 373
373 366
366 355
355 345
345 331
331 316
316 303
303 285
279 261
261 241
241 223
223 201
196 175
175 154
154 130
130 106
105 81
81 58
58 34
34 9
9 -14
-14 -38
-38 -63
-63 -87
-86 -107
-107 -129
-129 -152
-152 -171
-167 -188
-188 -207
-207 -227
-227 -243
-237 -254
-254 -269
-269 -282
-282 -294
-294 -305
-305 -315
-315 -324
-324 -332
-324 -329
-329 -333
-333 -336
-336 -338
-330 -330
-330 -329
-329 -324
-324 -321
-314 -308
-308 -302
-302 -293
-293 -284
-284 -273
-273 -260
-260 -246
-246 -233
-228 -213
-213 -197
-197 -180
-180 -164
-161 -143
-143 -123
-123 -104
-104 -86
-84 -65
-65 -44
-44 -24
-24 -6
-6 15
15 36
36 54
54 73
72 91
91 109
109 126
126 144
141 157
157 172
172 187
187 202
198 210
210 222
222 234
234 243
243 252
252 259
259 267
267 273
267 270
270 273
273 276
276 276
270 270
270 268
268 265
265 261
256 250
250 244
244 237
237 229
229 220
220 210
210 199
199 187
183 171
171 157
157 144
144 129
126 111
111 97
97 81
81 64
63 46
46 31
31 15
15 -2
-2 -17
-17 -33
-33 -50
-50 -66
-65 -80
-80 -95
-95 -110
-110 -123
-120 -134
-134 -147
-147 -159
-159 -170
-167 -177
-177 -186
-186 -195
-195 -203
-203 -210
-210 -216
-216 -222
-222 -227
-222 -225
-225 -227
-227 -228
-228 -228
-224 -224
-224 -222
-222 -219
-219 -216
-212 -207
-207 -201
-201 -195
-195 -188
-188 -182
-182 -173
-173 -162
-162 -153
-150 -140
-140 -129
-129 -117
-117 -105
-104 -90
-90 -78
-78 -65
-65 -53
-51 -38
-38 -24
-24 -11
-11 3
3 16
16 30
30 42
42 55
54 67
67 79
79 90
90 102
100 111
111 121
121 130
130 141
138 145
145 153
153 160
160 168
168 172
172 178
178 181
181 186
181 183
183 186
186 186
186 186
183 181
181 180
180 178
178 175
171 168
168 163
163 157
157 151
151 145
145 138
138 130
130 123
120 111
111 102
102 93
93 82
81 70
70 60
60 49
49 39
37 27
27 16
16 4
4 -6
-6 -17
-17 -29
-29 -39
-39 -50
-50 -59
-59 -69
-69 -78
-78 -87
-86 -95
-95 -104
-104 -111
-111 -119
-116 -123
-123 -129
-129 -135
-135 -140
-140 -144
-144 -149
-149 -152
-152 -155
-152 -153
-153 -155
-155 -155
-155 -155
-152 -152
-152 -150
-150 -147
-147 -146
-143 -138
-138 -135
-135 -131
-131 -126
-126 -120
-120 -114
-114 -108
-108 -101
-98 -92
-92 -84
-84 -75
-75 -68
-66 -57
-57 -50
-50 -39
-39 -32
-30 -21
-21 -12
-12 -3
-3 6
6 15
15 24
24 33
33 42
40 49
49 57
57 64
64 72
70 78
78 85
85 91
91 97
96 100
100 106
106 111
111 115
115 118
118 121
121 124
124 126
123 124
124 126
126 126
126 126
123 123
123 121
121 120
120 117
114 112
112 108
108 105
105 100
100 96
96 91
91 85
85 79
78 72
72 66
66 60
60 52
51 43
43 37
37 30
30 22
22 13
13 7
7 0
0 -8
-8 -15
-15 -23
-23 -30
-30 -38
-36 -44
-44 -50
-50 -57
-57 -63
-62 -68
-68 -74
-74 -78
-78 -83
-81 -86
-86 -90
-90 -93
-93 -96
-96 -99
-99 -102
-102 -104
-104 -105
-104 -105
-105 -105
-105 -105
-105 -105
-102 -102
-102 -101
-101 -99
-99 -98
-95 -93
-93 -90
-90 -87
-87 -84
-84 -80
-80 -75
-75 -71
-71 -66
-65 -60
-60 -54
-54 -50
-50 -44
-42 -36
-36 -30
-30 -24
-24 -18
-18 -12
-12 -6
-6 0
0 6
6 12
12 19
19 24
24 30
30 36
36 40
40 46
46 51
49 55
55 60
60 64
64 67
66 70
70 73
73 76
76 78
78 81
81 82
82 84
84 85
84 84
84 85
85 85
85 85
82 82
82 81
81 79
79 78
76 75
75 72
72 69
69 66
66 63
63 60
60 55
55 52
51 46
46 42
42 37
37 33
33 27
27 22
22 18
18 12
12 7
7 3
3 -3
-3 -8
-8 -14
-14 -18
-18 -23
-23 -29
-27 -32
-32 -36
-36 -41
-41 -45
-44 -48
-48 -51
-51 -54
-54 -57
-57 -60
-60 -62
-62 -65
-65 -66
-66 -69
-69 -71
-71 -71
-71 -72
-71 -71
-71 -72
-72 -72
-72 -71
-69 -69
-69 -68
-68 -68
-68 -66
-65 -62
-62 -60
-60 -59
-59 -56
-56 -53
-53 -50
-50 -47
-47 -44
-42 -39
-39 -36
-36 -32
-32 -29
-27 -23
-23 -20
-20 -15
-15 -11
-11 -6
-6 -2
-2 1
1 6
6 10
10 15
15 18
18 22
21 25
25 30
30 33
33 36
36 39
39 42
42 43
43 46
45 48
48 49
49 52
52 54
54 55
55 57
57 57
57 58
57 57
57 57
57 57
57 57
55 55
55 54
54 54
54 52
51 49
49 48
48 46
46 43
43 42
42 39
39 36
36 33
33 30
30 27
27 24
24 21
19 16
16 13
13 10
10 6
6 3
3 0
0 -5
-5 -8
-8 -11
-11 -14
-14 -18
-18 -21
-20 -23
-23 -26
-26 -29
-29 -32
-32 -33
-33 -36
-36 -39
-39 -41
-39 -42
-42 -44
-44 -45
-45 -47
-47 -47
-47 -48
-48 -50
-50 -50
-48 -48
-48 -48
-48 -48
-48 -48
-47 -47
-47 -47
-47 -45
-45 -44
-44 -42
-42 -41
-41 -39
-39 -38
-38 -35
-35 -33
-33 -32
-32 -29
-29 -26
-26 -23
-23 -21
-21 -18
-18 -15
-15 -12
-12 -9
-9 -6
-6 -3
-3 0
0 3
3 4
4 7
7 10
10 13
13 16
15 18
18 21
21 22
22 25
24 27
27 28
28 30
30 31
31 33
33 34
34 36
36 36
36 37
37 37
37 39
39 39
39 39
39 39
39 39
39 37
37 37
37 36
36 36
36 34
34 33
33 31
31 30
30 28
28 27
27 25
25 24
24 21
21 19
19 16
16 15
15 12
12 10
10 7
7 6
6 3
3 0
0 -2
-2 -5
-5 -6
-6 -9
-9 -11
-11 -14
-14 -15
-15 -17
-17 -20
-20 -21
-21 -23
-23 -24
-24 -26
-26 -27
-27 -29
-27 -29
-29 -30
-30 -32
-32 -32
-32 -33
-33 -33
-33 -33
-33 -33
-33 -33
-33 -33
-33 -33
-33 -33
-32 -32
-32 -32
-32 -30
-30 -30
-29 -29
-29 -27
-27 -26
-26 -24
-24 -24
-24 -23
-23 -21
-21 -18
-18 -17
-17 -15
-15 -14
-14 -12
-11 -9
-9 -8
-8 -6
-6 -3
-3 -2
-2 0
0 3
3 4
4 6
6 7
7 9
9 12
10 13
13 15
15 16
16 18
16 18
18 19
19 21
21 22
21 22
22 24
24 24
24 25
25 25
25 25
25 25
25 27
25 25
25 25
25 25
25 25
25 24
24 24
24 24
24 22
22 21
21 21
21 19
19 18
18 18
18 16
16 15
15 13
13 12
12 10
10 9
9 7
7 6
6 4
4 3
3 1
1 0
0 -2
-2 -3
-3 -5
-5 -6
-6 -8
-8 -9
-9 -11
-11 -12
-12 -14
-14 -15
-15 -17
-15 -17
-17 -18
-18 -20
-20 -20
-20 -20
-20 -21
-21 -21
-21 -23
-23 -23
-23 -23
-23 -23
-23 -23
-23 -23
-23 -23
-23 -23
-23 -23
-23 -21
-21 -21
-21 -21
-21 -20
-20 -20
-20 -18
-18 -18
-18 -17
-17 -15
-15 -15
-15 -14
-14 -12
-12 -11
-11 -11
-11 -9
-9 -8
-8 -6
-6 -5
-5 -3
-3 -2
-2 0
0 0
0 1
1 3
3 4
4 6
6 7
7 7
7 9
9 10
10 10
10 12
12 12
12 13
13 15
15 15
15 15
15 16
16 16
16 16
16 16
16 18
18 18
18 18
18 18
18 18
18 16
16 16
16 16
16 16
16 15
15 15
15 13
13 13
13 13
13 12
12 12
12 10
10 9
9 9
9 7
7 6
6 6
6 4
4 3
3 1
1 1
1 0
0 -2
-2 -2
-2 -3
-3 -5
-5 -5
-5 -6
-6 -8
-8 -9
-8 -9
-9 -11
-11 -11
-11 -12
-11 -12
-12 -12
-12 -14
-14 -14
-14 -14
-14 -15
-15 -15
-15 -15
-15 -15
-15 -15
-15 -17
-17 -17
-15 -15
-15 -15
-15 -15
-15 -15
-15 -15
-15 -15
-15 -14
-14 -14
-14 -14
-14 -12
-12 -12
-12 -11
-11 -11
-11 -11
-11 -9
-9 -9
-8 -8
-8 -6
-6 -6
-6 -5
-5 -5
-5 -3
-3 -2
-2 -2
-2 0
0 0
0 1
1 3
3 3
3 4
4 4
4 6
6 6
6 7
7 7
7 7
7 9
9 9
9 9
9 10
10 10
10 10
10 10
10 12
12 12
12 12
12 12
12 12
12 12
12 12
12 12
12 10
10 10
10 10
10 10
10 10
9 9
9 9
9 7
7 7
7 7
7 6
6 6
6 6
4 4
4 4
4 3
3 3
3 1
1 1
1 0
0 0
0 -2
-2 -2
-2 -3
-3 -3
-3 -5
-5 -5
-5 -6
-6 -6
-6 -6
-6 -8
-8 -8
-8 -8
-8 -9
-9 -9
-9 -9
-9 -11
-9 -11
-11 -11
-11 -11
-11 -11
-11 -11
-11 -11
-11 -11
-11 -11
-11 -11
-11 -11
-11 -11
-11 -11
-11 -11
-11 -11
-11 -9
-9 -9
-9 -9
-9 -9
-9 -8
-8 -8
-8 -8
-8 -6
-6 -6
-6 -6
-6 -5
-5 -5
-5 -5
-5 -3
-3 -3
-3 -2
-2 -2
-2 -2
-2 0
0 0
0 1
1 1
1 1
1 3
3 3
3 4
3 4
4 4
4 4
4 6
6 6
6 6
6 6
6 7
6 7
7 7
7 7
7 7
7 7
7 7
7 7
7 7
7 7
7 7
7 7
7 7
7 7
7 6
6 6
6 6
6 6
6 6
6 4
4 4
4 4
4 4
4 3
3 3
3 3
3 1
1 1
1 1
1 0
0 0
0 0
0 -2
-2 -2
-2 -2
-2 -3
-3 -3
-3 -3
-3 -3
-3 -5
-5 -5
-5 -5
-5 -6
-6 -6
-6 -6
-6 -6
-6 -6
-6 -8
-8 -8
-8 -8
-8 -8
-8 -8
-8 -8
-8 -8
-8 -8
-8 -8
-8 -8
-8 -8
-8 -8
-8 -8
-8 -8
-8 -8
-8 -8
-8 -6
-6 -6
-6 -6
-6 -6
-6 -6
-6 -5
-5 -5
-5 -5
-5 -5
-5 -5
-5 -3
-3 -3
-3 -3
-3 -2
-2 -2
-2 -2
-2 -2
-2 0
0 0
0 0
0 0
0 1
1 1
1 1
1 1
1 3
3 3
3 3
3 3
3 3
3 4
4 4
4 4
4 4
4 4
4 4
4 4
4 4
4 4
4 4
4 4
4 4
4 4
4 4
4 4
4 4
4 4
4 4
4 4
4 4
4 3
3 3
3 3
3 3
3 3
3 3
3 1
1 1
1 1
1 1
1 0
0 0
0 0
0 0
0 0
0 -2
-2 -2
-2 -2
-2 -2
-2 -3
-3 -3
-3 -3
-3 -3
-3 -3
-3 -3
-3 -5
-5 -5
-5 -5
-5 -5
-5 -5
-5 -5
-5 -5
-5 -5
-5 -5
-5 -6
-6 -6
-6 -6
-6 -6
-6 -6
-6 -6
-6 -6
-6 -6
-6 -5
-5 -5
-5 -5
-5 -5
-5 -5
-5 -5
-5 -5
-5 -5
-5 -5
-5 -3
-3 -3
-3 -3
-3 -3
-3 -3
-3 -3
-3 -2
-2 -2
-2 -2
-2 -2
-2 -2
-2 -2
-2 0
0 0
0 0
0 0
0 0
0 1
1 1
1 1
1 1
1 1
1 1
1 1
1 3
1 3
3 3
3 3
3 3
3 3
3 3
3 3
3 3
3 3
3 3
3 3
3 3
3 3
3 3
3 3
3 3
3 3
3 3
3 3
3 3
3 1
1 1
1 1
1 1
1 1
1 1
1 1
1 1
1 0
0 0
0 0
0 0
0 0
0 0
0 -2
-2 -2
-2 -2
-2 -2
-2 -2
-2 -2
-2 -2
-2 -3
-3 -3
-3 -3
-3 -3
-3 -3
-3 -3
-3 -3
-3 -3
-3 -3
-3 -3
-3 -3
-3 -3
-3 -5
-5 -5
-5 -5
-5 -5
-5 -5
-5 -5
-5 -5
-5 -5
-5 -5
-5 -5
-5 -3
-3 -3
-3 -3
-3 -3
-3 -3
-3 -3
-3 -3
-3 -3
-3 -3
-3 -3
-3 -3
-3 -2
-2 -2
-2 -2
-2 -2
-2 -2
-2 -2
-2 -2
-2 -2
-2 0
0 0
0 0
0 0
0 0
0 0
0 0
0 0
0 0
0 1
1 1
1 1
1 1
1 1
1 1
1 1
1 1
1 1
1 1
1 1
1 1
1 1
1 1
1 1
1 1
1 1
1 1
1 1
1 1
1 1
1 1
1 1
1 1
1 1
1 1
1 1
1 1
1 1
1 0
0 0
0 0
0 0
0 0
0 0
0 0
0 0
0 0
0 0
0 -2
-2 -2
-2 -2
-2 -2
-2 -2
-2 -2
-2 -2
-2 -2
-2 -2
-2 -2
-2 -2
-2 -3
-3 -3
-3 -3
-3 -3
-3 -3
-3 -3
-3 -3
-3 -3
-3 -3
-3 -3
-3 -3
-3 -3
-3 -3
-3 -3
-3 -3
-3 -3
-3 -3
-3 -3
-3 -3
-3 -3
-3 -3
-3 -3
-3 -3
-3 -3
-3 -2
-2 -2
-2 -2
-2 -2
-2 -2
-2 -2
-2 -2
-2 -2
-2 -2
-2 -2
-2 -2
-2 -2
-2 -2
-2 0
0 0
0 0
0 0
0 0
0 0
0 0
0 0
0 0
0 0
0 0
0 0
0 0
0 0
0 1
1 1
1 1
1 1
1 1
1 1
1 1
1 1
1 1
1 1
1 1
1 1
1 1
1 1
1 1
1 1
1 1
1 0
0 0
0 0
0 0
0 0
0 0
0 0
0 0
0 0
0 0
0 0
0 0
0 0
0 0
0 0
0 0
0 -2
-2 -2
-2 -2
-2 -2
-2 -2
-2 -2
-2 -2
-2 -2
-2 -2
-2 -2
-2 -2
-2 -2
-2 -2
-2 -2
-2 -2
-2 -2
-2 -2
-2 -2
-2 -2
-2 -2
-2 -2
-2 -2
-2 -2
-2 -2
-2 -2
-2 -2
-2 -2
-2 -2
-2 -2
-2 -2
-2 -2
-2 -2
-2 -2
-2 -2
-2 -2
-2 -2
-2 -2
-2 -2
-2 -2
-2 -2
-2 -2
-2 -2
-2 -2
-2 -2
-2 -2
-2 -2
-2 -2
-2 -2
-2 0
0 0
0 0
0 0
0 0
0 0
0 0
0 0
0 0
0 0
0 0
0 0
0 0
0 0
0 0
0 0
0 0
0 0
0 0
0 0
0 0
0 0
0 0
0 0
0 0
0 0
0 0
0 0
0 0
0 0
0 0
0 0
0 0
0 0
0 0
0 0
0 0
0 0
0 0
0 0
0 0
0 0
0 0
0 0
0 0
0 0
0 0
0 0
0 -2
-2 -2
-2 -2
-2 -2
-2 -2
-2 -2
-2 -2
-2 -2
-2 -2
-2 -2
-2 -2
-2 -2
-2 -2
-2 -2
-2 -2
-2 -2
-2 -2
-2 -2
-2 -2
-2 -2
-2 -2
-2 -2
-2 -2
-2 -2
-2 -2
-2 -2
-2 -2
-2 -2
-2 -2
-2 -2
-2 -2
-2 -2
-2 -2
-2 -2
-2 -2
-2 -2
-2 -2
-2 -2
-2 -2
-2 -2
-2 -2
-2 -2
-2 -2
-2 -2
-2 -2
-2 -2
-2 -2
-2 -2
-2 0
0 0
0 0
0 0
0 0
0 0
0 0
0 0
0 0
0 0
0 0
0 0
0 0
0 0
0 0
0 0
0 0
0 0
0 0
0 0
0 0
0 0
0 0
0 0
0 0
0 0
0 0
0 0
0 0
0 0
0 0
0 0
0 0
0 0
0 0
0 0
0 0
0 0
0 0
0 0
0 0
0 0
0 0
0 0
0 0
0 0
0 0
0 -2
-2 -2
-2 -2
-2 -2
-2 -2
-2 -2
-2 -2
-2 -2
-2 -2
-2 -2
-2 -2
-2 -2
-2 -2
-2 -2
-2 -2
-2 -2
-2 -2
-2 -2
-2 -2
-2 -2
-2 -2
-2 -2
-2 -2
-2 -2
-2 -2
-2 -2
-2 -2
-2 -2
-2 -2
-2 -2
-2 -2
-2 -2
-2 -2
-2 -2
-2 -2
-2 -2
-2 -2
-2 -2
-2 -2
-2 -2
-2 -2
-2 -2
-2 -2
-2 -2
-2 -2
-2 -2
-2 -2
-2 -2
-2 0
0 0
0 0
0 0
0 0
0 0
0 0
0 0
0 0
0 0
0 0
0 0
0 0
0 0
0 0
0 0
0 0
0 0
0 0
0 0
0 0
0 0
0 0
0 0
0 0
0 0
0 0
0 0
0 0
0 0
0 0
0 0
0 0
0 0
0 0
0 0
0 0
0 0
0 0
0 0
0 0
0 0
0 0
0 0
0 0
0 0
0 0
0 0
0 -2
-2 -2
-2 -2
-2 -2
-2 -2
-2 -2
-2 -2
-2 -2
-2 -2
-2 -2
-2 -2
-2 -2
-2 -2
-2 -2
-2 -2
-2 -2
-2 -2
-2 -2
-2 -2
-2 -2
-2 -2
-2 -2
-2 -2
-2 -2
-2 -2
-2 -2
-2 -2
-2 -2
-2 -2
-2 -2
-2 -2
-2 -2
-2 -2
-2 -2
-2 -2
-2 -2
-2 -2
-2 -2
-2 -2
-2 -2
-2 -2
-2 -2
-2 -2
-2 -2
-2 -2
-2 -2
-2 -2
-2 -2
-2 0
0 0
0 0
0 0
0 0
0 0
0 0
0 0
0 0
0 0
0 0
0 0
0 0
0 0
0 0
0 0
0 0
0 0
0 0
0 0
0 0
0 0
0 0
0 0
0 0
0 0
0 0
0 0
0 0
0 0
0 0
0 0
0 0
0 0
0 0
0 0
0 0
0 0
0 0
0 0
0 0
0 0
0 0
0 0
0 0
0 0
0 0
0 0
0 -2
-2 -2
-2 -2
-2 -2
-2 -2
-2 -2
-2 -2
-2 -2
-2 -2
-2 -2
-2 -2
-2 -2
-2 -2
-2 -2
-2 -2
-2 -2
-2 -2
-2 -2
-2 -2
-2 -2
