0 0
0 0
0 0
0 0
0 0
0 0
0 0
0 0
2 0
13 2
47 7
79 31
131 91
260 163
432 253
585 369
751 589
1137 888
1595 1151
1905 1556
2251 2140
2683 2645
3112 3034
3485 3467
3894 4001
4449 4521
4972 4920
5372 5366
5725 5862
6044 6249
6350 6585
6621 6927
6886 7193
7209 7446
7458 7669
7701 7833
7903 7990
8037 8132
8180 8268
8300 8378
8403 8493
8513 8590
8601 8690
8687 8758
8744 8826
8816 8880
8849 8928
8900 8969
8927 8994
8946 9009
8945 9013
8949 9000
8919 8977
8897 8962
8871 8919
8830 8884
8777 8827
8704 8741
8634 8680
8550 8588
8463 8499
8365 8409
8272 8299
8147 8177
8028 8059
7899 7928
7777 7791
7627 7653
7495 7509
7332 7350
7183 7187
7006 7023
6841 6845
6674 6683
6508 6504
6326 6326
6142 6135
5968 5961
5775 5766
5584 5573
5399 5387
5212 5191
5011 4995
4836 4816
4644 4613
4444 4421
4255 4224
4065 4036
3876 3838
3693 3651
3506 3478
3328 3277
3149 3106
2962 2915
2783 2739
2629 2575
2452 2394
2283 2231
2135 2077
1976 1910
1810 1754
1679 1621
1538 1462
1386 1312
1257 1195
1135 1062
1011 940
894 813
775 701
667 588
573 480
462 389
380 294
294 219
223 119
126 43
71 -22
-6 -110
-80 -159
-116 -211
-169 -260
-205 -310
-256 -351
-287 -388
-327 -425
-348 -450
-382 -483
-401 -501
-411 -519
-425 -531
-445 -551
-447 -552
-451 -607
-450 -559
-462 -558
-439 -548
-434 -540
-435 -539
-420 -514
-408 -516
-398 -522
-409 -507
-387 -497
-373 -463
-347 -468
-353 -453
-333 -442
-330 -439
-320 -426
-317 -417
-295 -393
-285 -400
-289 -387
-281 -389
-283 -390
-291 -382
-286 -389
-285 -379
-280 -387
-302 -399
-312 -418
-333 -420
-341 -430
-355 -462
-378 -467
-406 -503
-435 -524
-463 -544
-495 -588
-532 -613
-565 -665
-621 -696
-659 -748
-705 -773
-752 -838
-803 -890
-872 -943
-928 -1005
-986 -1059
-1045 -1114
-1117 -1184
-1177 -1252
-1255 -1321
-1328 -1397
-1404 -1469
-1486 -1532
-1547 -1610
-1630 -1689
-1704 -1766
-1804 -1862
-1881 -1929
-1960 -2004
-2040 -2089
-2129 -2178
-2207 -2247
-2298 -2348
-2381 -2419
-2459 -2498
-2539 -2568
-2626 -2658
-2706 -2737
-2775 -2808
-2870 -2906
-2947 -2977
-3026 -3034
-3087 -3111
-3160 -3186
-3237 -3255
-3312 -3326
-3371 -3388
-3432 -3433
-3486 -3494
-3538 -3546
-3591 -3602
-3661 -3667
-3706 -3701
-3743 -3738
-3782 -3779
-3813 -3813
-3851 -3836
-3876 -3873
-3910 -3900
-3934 -3921
-3950 -3930
-3960 -3946
-3972 -3956
-3978 -3961
-3986 -3960
-3988 -3954
-3971 -3956
-3973 -3935
-3944 -3918
-3926 -3900
-3909 -3878
-3884 -3839
-3853 -3819
-3819 -3787
-3794 -3756
-3748 -3700
-3699 -3667
-3659 -3608
-3606 -3569
-3559 -3504
-3503 -3463
-3444 -3395
-3386 -3323
-3308 -3262
-3245 -3191
-3173 -3126
-3109 -3046
-3027 -2976
-2959 -2903
-2888 -2829
-2799 -2735
-2721 -2662
-2637 -2584
-2567 -2505
-2482 -2418
-2403 -2338
-2311 -2244
-2236 -2164
-2148 -2080
-2066 -2006
-1980 -1917
-1901 -1830
-1817 -1742
-1720 -1664
-1654 -1584
-1573 -1494
-1480 -1418
-1412 -1343
-1336 -1272
-1258 -1176
-1172 -1109
-1108 -1038
-1034 -962
-964 -891
-899 -828
-818 -756
-762 -683
-697 -631
-638 -567
-582 -509
-526 -459
-470 -396
-409 -353
-376 -297
-313 -250
-276 -209
-239 -165
-187 -126
-159 -86
-110 -53
-83 -15
-50 13
-27 42
4 71
33 86
43 113
87 143
92 156
115 165
122 180
138 204
152 205
167 233
186 230
188 244
198 249
204 258
206 261
221 273
223 272
228 268
231 282
230 272
236 285
240 285
249 292
250 286
254 291
249 290
262 299
261 302
275 312
282 312
290 322
297 327
298 328
317 343
324 361
345 373
360 371
361 388
381 403
405 436
428 438
441 467
477 491
490 508
522 536
552 562
571 590
609 614
638 643
662 679
708 714
746 750
776 782
816 829
867 861
897 892
934 940
990 991
1029 1037
1088 1078
1121 1109
1157 1158
1213 1203
1265 1260
1314 1313
1370 1366
1434 1406
1446 1440
1509 1501
1561 1554
1616 1598
1662 1650
1719 1696
1750 1743
1808 1781
1843 1833
1894 1880
1943 1917
1988 1965
2018 1996
2065 2053
2112 2084
2135 2121
2185 2165
2222 2186
2241 2216
2270 2251
2312 2297
2330 2306
2363 2333
2382 2358
2397 2360
2351 2351
2376 2349
2387 2366
2395 2373
2411 2380
2410 2375
2403 2382
2409 2384
2405 2370
2385 2366
2388 2359
2375 2345
2354 2316
2327 2310
2318 2294
2296 2262
2264 2238
2242 2208
2201 2181
2181 2146
2133 2117
2106 2079
2066 2033
2018 1987
1967 1939
1923 1905
1882 1852
1824 1799
1779 1756
1723 1691
1669 1650
1610 1580
1558 1540
1503 1476
1441 1430
1389 1349
1308 1284
1249 1236
1189 1168
1140 1121
1075 1049
1011 993
951 932
890 864
814 803
767 748
711 702
660 627
586 584
540 521
476 455
420 408
363 348
312 303
271 253
211 206
170 153
117 107
75 67
30 14
-4 -10
-48 -55
-82 -89
-115 -121
-145 -152
-184 -187
-209 -220
-230 -230
-255 -259
-278 -280
-292 -300
-319 -330
-345 -330
-337 -346
-357 -356
-364 -369
-370 -365
-375 -377
-382 -385
-383 -374
-374 -373
-383 -379
-365 -367
-368 -353
-352 -351
-340 -340
-340 -335
-330 -322
-313 -307
-303 -301
-298 -288
-269 -256
-252 -250
-242 -237
-227 -222
-213 -194
-192 -187
-169 -159
-159 -143
-133 -129
-113 -105
-102 -97
-88 -65
-64 -57
-52 -47
-46 -36
-27 -16
-16 -4
-1 12
11 22
16 29
25 35
31 38
35 48
42 61
51 54
49 59
41 58
44 48
38 45
26 44
30 41
20 29
15 23
-14 -7
-25 -10
-33 -33
-59 -40
-72 -63
-95 -89
-113 -108
-148 -142
-169 -159
-192 -180
-217 -216
-245 -237
-269 -259
-295 -297
-335 -329
-363 -354
-397 -392
-423 -425
-462 -455
-491 -493
-526 -524
-555 -542
-587 -590
-614 -610
-644 -652
-690 -690
-715 -711
-741 -736
-766 -769
-797 -803
-818 -824
-857 -863
-876 -878
-895 -886
-902 -914
-930 -933
-935 -949
-965 -970
-969 -985
-989 -979
-988 -996
-988 -1006
-997 -1004
-993 -1006
-995 -1004
-981 -989
-976 -988
-959 -970
-943 -962
-934 -942
-902 -923
-883 -887
-850 -871
-824 -840
-791 -802
-753 -777
-721 -736
-671 -688
-626 -639
-575 -599
-525 -542
-479 -501
-419 -447
-370 -373
-288 -316
-231 -255
-170 -196
-112 -133
-39 -60
33 4
99 90
194 164
266 238
336 308
411 391
488 466
569 541
643 625
730 695
802 782
890 853
952 930
1035 1021
1117 1083
1190 1163
1254 1223
1331 1309
1399 1357
1453 1437
1538 1516
1594 1564
1656 1624
1701 1670
1757 1734
1806 1781
1859 1827
1891 1870
1938 1909
1971 1951
2006 1965
2009 1992
2049 2016
2051 2025
2060 2034
2076 2050
2070 2051
2069 2034
2052 2032
2037 2009
2008 1990
1994 1966
1952 1929
1910 1890
1871 1848
1816 1790
1751 1728
1695 1674
1618 1592
1541 1522
1467 1452
1386 1365
1286 1261
1190 1170
1084 1069
977 967
878 854
752 739
631 611
497 486
369 351
229 217
98 90
-41 -27
-195 -205
-341 -354
-494 -496
-643 -653
-797 -808
-953 -960
-1109 -1115
-1269 -1275
-1423 -1431
-1591 -1599
-1761 -1765
-1921 -1923
-2081 -2082
-2245 -2244
-2393 -2392
-2555 -2558
-2714 -2724
-2887 -2878
-3031 -3034
-3194 -3185
-3339 -3334
-3478 -3475
-3629 -3629
-3766 -3758
-3909 -3897
-4032 -4027
-4159 -4147
-4273 -4261
-4391 -4390
-4503 -4490
-4609 -4593
-4706 -4691
-4800 -4788
-4880 -4861
-4955 -4951
-5044 -5026
-5101 -5084
-5161 -5146
-5216 -5190
-5248 -5231
-5279 -5267
-5316 -5292
-5327 -5309
-5341 -5314
-5337 -5321
-5339 -5307
-5309 -5295
-5301 -5270
-5259 -5231
-5215 -5196
-5173 -5142
-5112 -5087
-5042 -5012
-4967 -4946
-4895 -4860
-4793 -4769
-4704 -4671
-4596 -4562
-4476 -4461
-4368 -4332
-4231 -4196
-4089 -4049
-3945 -3918
-3799 -3765
-3637 -3597
-3471 -3452
-3309 -3270
-3127 -3088
-2944 -2907
-2759 -2727
-2574 -2544
-2382 -2343
-2187 -2158
-1990 -1948
-1770 -1741
-1571 -1519
-1348 -1315
-1132 -1114
-947 -905
-718 -676
-498 -455
-267 -236
-57 -7
182 205
384 415
593 635
822 863
1030 1075
1265 1294
1466 1497
1666 1707
1873 1903
2073 2115
2267 2298
2459 2508
2669 2690
2837 2877
3020 3058
3200 3231
3359 3400
3528 3556
3682 3717
3830 3861
3972 4010
4113 4141
4233 4270
4359 4394
4477 4496
4567 4601
4672 4707
4771 4803
4851 4880
4921 4949
4988 5015
5043 5069
5087 5117
5129 5160
5163 5189
5187 5213
5203 5214
5196 5228
5201 5226
5191 5216
5169 5189
5140 5167
5115 5137
5068 5078
4931 5036
4878 4898
4821 4841
4740 4756
4657 4680
4585 4593
4486 4501
4393 4408
4286 4303
4185 4197
4067 4076
3940 3951
3816 3824
3686 3698
3553 3566
3431 3441
3286 3290
3142 3149
2988 2993
2844 2847
2687 2695
2536 2541
2387 2397
2234 2226
2075 2077
1907 1908
1751 1758
1605 1600
1444 1436
1278 1283
1139 1133
977 978
826 815
671 671
532 520
375 374
245 236
103 96
-34 -42
-166 -180
-301 -306
-423 -436
-540 -554
-659 -665
-768 -782
-867 -875
-970 -995
-1080 -1090
-1160 -1178
-1252 -1264
-1331 -1342
-1393 -1413
-1471 -1480
-1530 -1558
-1588 -1601
-1638 -1663
-1693 -1703
-1718 -1740
-1760 -1786
-1793 -1800
-1800 -1823
-1818 -1846
-1843 -1864
-1840 -1855
-1840 -1867
-1840 -1866
-1837 -1851
-1804 -1825
-1780 -1809
-1764 -1788
-1728 -1748
-1695 -1711
-1649 -1682
-1616 -1633
-1558 -1586
-1513 -1532
-1445 -1479
-1403 -1423
-1334 -1345
-1256 -1284
-1189 -1217
-1129 -1160
-1051 -1068
-971 -1011
-910 -919
-812 -833
-735 -762
-653 -682
-581 -606
-494 -514
-407 -427
-320 -347
-245 -264
-155 -183
-85 -103
8 -29
79 71
172 145
238 212
317 299
391 365
459 443
536 509
605 592
678 652
733 719
798 774
852 826
897 891
961 939
1015 994
1057 1029
1085 1075
1132 1110
1161 1150
1192 1180
1224 1200
1247 1233
1267 1245
1274 1263
1298 1297
1311 1286
1312 1301
1318 1299
1310 1301
1308 1289
1300 1290
1279 1280
1259 1271
1233 1223
1219 1205
1184 1174
1157 1143
1131 1135
1100 1084
1067 1063
1035 1028
996 984
952 943
914 916
869 868
835 822
784 778
732 727
686 679
642 648
587 579
540 544
495 488
433 427
386 382
333 344
297 290
235 231
186 187
134 132
91 86
41 51
3 4
-37 -33
-84 -88
-134 -135
-173 -170
-207 -200
-242 -241
-270 -269
-305 -305
-347 -343
-369 -371
-399 -392
-422 -412
-431 -436
-457 -456
-479 -478
-497 -484
-497 -495
-509 -505
-515 -503
-509 -512
-520 -522
-523 -522
-526 -507
-510 -512
-501 -500
-500 -502
-490 -482
-476 -472
-458 -455
-449 -442
-424 -419
-405 -402
-380 -386
-367 -357
-334 -333
-318 -317
-287 -283
-258 -256
-235 -230
-196 -197
-171 -178
-151 -133
-108 -116
-85 -83
-58 -64
-27 -19
4 -1
31 29
58 60
89 90
111 110
148 138
156 165
191 186
217 206
223 224
245 244
266 263
283 269
283 280
303 302
313 302
309 304
320 310
315 318
324 308
319 315
314 310
307 289
289 283
274 258
249 251
253 239
224 215
198 184
169 155
136 124
99 78
60 55
35 24
-5 -16
-42 -61
-91 -108
-148 -161
-191 -210
-253 -265
-301 -319
-351 -360
-408 -431
-473 -495
-539 -549
-594 -623
-675 -682
-715 -738
-792 -806
-854 -874
-928 -958
-1002 -1017
-1078 -1097
-1141 -1154
-1201 -1230
-1286 -1299
-1345 -1373
-1429 -1444
-1491 -1515
-1566 -1586
-1632 -1647
-1701 -1726
-1761 -1786
-1837 -1863
-1905 -1918
-1964 -1983
-2021 -2047
-2089 -2107
-2141 -2170
-2205 -2223
-2255 -2279
-2313 -2327
-2359 -2383
-2408 -2431
-2457 -2485
-2508 -2528
-2551 -2562
-2579 -2601
-2615 -2636
-2646 -2665
-2674 -2704
-2715 -2725
-2729 -2753
-2755 -2768
-2768 -2784
-2781 -2803
-2791 -2814
-2808 -2824
-2809 -2822
-2801 -2825
-2820 -2829
-2802 -2813
-2788 -2813
-2791 -2806
-2775 -2787
-2751 -2759
-2733 -2741
-2709 -2727
-2684 -2704
-2667 -2670
-2628 -2646
-2593 -2596
-2559 -2565
-2509 -2514
-2465 -2487
-2444 -2448
-2386 -2386
-2332 -2332
-2278 -2286
-2230 -2231
-2164 -2171
-2129 -2130
-2063 -2067
-2008 -2006
-1945 -1939
-1879 -1880
-1812 -1806
-1745 -1748
-1695 -1690
-1622 -1617
-1557 -1548
-1488 -1475
-1417 -1402
-1335 -1347
-1299 -1280
-1214 -1202
-1152 -1132
-1082 -1078
-1024 -1000
-944 -934
-888 -872
-818 -802
-755 -731
-693 -669
-620 -607
-564 -543
-511 -485
-444 -418
-382 -358
-331 -305
-270 -236
-207 -188
-165 -140
-113 -75
-58 -25
-6 30
41 67
89 125
135 165
170 208
217 264
264 303
302 346
346 372
371 417
411 454
453 500
485 531
521 563
541 588
579 619
601 657
638 684
662 714
693 749
721 763
738 792
760 807
781 839
812 860
823 887
859 913
878 930
898 959
917 969
946 1004
966 1024
986 1049
1011 1073
1017 1083
1028 1089
1053 1108
1080 1146
1105 1163
1126 1186
1152 1207
1174 1233
1191 1262
1237 1288
1250 1314
1286 1341
1311 1379
1349 1405
1371 1434
1413 1476
1441 1498
1470 1538
1519 1572
1547 1614
1588 1641
1625 1686
1658 1725
1702 1754
1739 1801
1785 1834
1815 1880
1873 1929
1910 1967
1950 2008
2001 2052
2037 2105
2092 2134
2133 2192
2178 2231
2225 2284
2285 2335
2321 2363
2360 2414
2411 2457
2453 2503
2495 2539
2544 2599
2590 2632
2632 2668
2668 2712
2708 2754
2749 2794
2801 2834
2826 2874
2873 2904
2903 2937
2939 2974
2967 3010
3010 3041
3036 3061
3056 3081
3086 3121
3111 3130
3126 3159
3145 3163
3158 3186
3179 3197
3189 3201
3190 3215
3208 3222
3206 3222
3209 3220
3208 3223
3208 3209
3194 3201
3184 3188
3176 3191
3168 3162
3147 3147
3117 3114
3095 3094
3071 3064
3044 3046
3017 3004
2983 2973
2951 2938
2901 2884
2860 2850
2827 2811
2778 2755
2729 2710
2679 2655
2628 2599
2567 2543
2516 2494
2459 2428
2403 2367
2339 2303
2273 2234
2205 2173
2149 2113
2082 2045
2022 1979
1955 1901
1869 1826
1809 1759
1734 1697
1678 1623
1603 1552
1542 1485
1463 1396
1388 1339
1326 1271
1261 1203
1197 1132
1132 1067
1055 986
994 921
920 869
875 798
803 738
753 673
681 615
633 550
575 506
521 446
475 392
420 344
380 295
329 248
290 205
240 161
229 125
193 102
154 71
123 33
88 1
65 -16
38 -50
17 -76
-10 -112
-44 -127
-60 -155
-69 -147
-76 -179
-99 -186
-103 -201
-123 -220
-138 -232
-144 -234
-142 -229
-141 -245
-153 -243
-159 -257
-160 -258
-166 -254
-168 -264
-159 -248
-158 -255
-164 -259
-168 -265
-173 -260
-170 -257
-165 -265
-173 -261
-174 -270
-186 -276
-192 -280
-195 -286
-209 -287
-208 -309
-235 -315
-242 -329
-261 -335
-267 -362
-306 -391
-331 -405
-351 -435
-379 -458
-420 -495
-447 -517
-483 -567
-535 -613
-586 -653
-626 -696
-677 -750
-736 -808
-799 -855
-856 -924
-921 -993
-1006 -1064
-1079 -1138
-1157 -1214
-1235 -1296
-1332 -1381
-1411 -1463
-1507 -1568
-1616 -1661
-1719 -1768
-1822 -1864
-1926 -1974
-2049 -2086
-2150 -2193
-2277 -2316
-2401 -2436
-2519 -2552
-2645 -2675
-2783 -2804
-2899 -2933
-3044 -3070
-3185 -3209
-3315 -3326
-3449 -3474
-3595 -3611
-3741 -3752
-3880 -3898
-4029 -4033
-4166 -4177
-4313 -4314
-4458 -4461
-4592 -4589
-4742 -4739
-4882 -4882
-5024 -5021
-5165 -5152
-5302 -5293
-5430 -5410
-5558 -5540
-5690 -5677
-5819 -5801
-5943 -5918
-6065 -6040
-6177 -6148
-6285 -6255
-6394 -6370
-6504 -6465
-6599 -6563
-6684 -6645
-6772 -6728
-6845 -6798
-6920 -6886
-6991 -6944
-7059 -7005
-7107 -7059
-7153 -7094
-7190 -7127
-7214 -7167
-7248 -7185
-7267 -7211
-7284 -7212
-7271 -7210
-7271 -7203
-7251 -7185
-7233 -7164
-7203 -7127
-7158 -7087
-7111 -7032
-7052 -6973
-6982 -6897
-6903 -6830
-6678 -6676
-6585 -6502
-6484 -6403
-6376 -6286
-6257 -6173
-6133 -6049
-6005 -5919
-5868 -5776
-5721 -5619
-5553 -5469
-5398 -5300
-5216 -5135
-5054 -4948
-4858 -4768
-4669 -4567
-4474 -4373
-4263 -4160
-4049 -3956
-3832 -3738
-3619 -3506
-3374 -3277
-3149 -3046
-2912 -2804
-2661 -2565
-2430 -2324
-2168 -2071
-1921 -1812
-1663 -1556
-1405 -1298
-1137 -1039
-891 -791
-625 -508
-341 -244
-87 23
183 290
457 554
713 822
980 1077
1243 1359
1516 1611
1773 1880
2034 2119
2271 2386
2536 2640
2792 2887
3022 3126
3280 3381
3519 3609
3740 3833
3961 4070
4201 4297
4410 4498
4618 4716
4837 4920
5020 5115
5215 5300
5395 5488
5570 5667
5753 5835
5912 5991
6058 6137
6202 6290
6346 6424
6471 6553
6598 6682
6718 6788
6820 6888
6906 6976
6990 7069
7078 7139
7139 7216
7209 7269
7254 7314
7296 7362
7334 7388
7353 7415
7373 7428
7384 7441
7384 7430
7374 7424
7354 7402
7337 7380
7292 7339
7261 7305
7214 7245
7146 7188
7096 7133
7023 7057
6955 6986
6865 6898
6786 6802
6677 6704
6584 6605
6477 6497
6374 6390
6250 6267
6130 6138
6004 6013
5877 5890
5746 5747
5606 5615
5475 5474
5329 5327
5183 5175
5027 5029
4890 4884
4744 4727
4587 4582
4439 4415
4287 4279
4130 4106
3974 3960
3831 3803
3677 3654
3521 3488
3372 3346
3225 3196
3070 3033
2929 2897
2786 2745
2642 2601
2506 2462
2365 2323
2231 2190
2109 2063
1976 1922
1846 1793
1731 1679
1526 1470
1411 1356
1301 1246
1201 1146
1102 1042
1005 939
910 855
828 762
740 662
653 589
581 515
506 440
453 375
378 309
321 247
271 191
217 138
160 89
136 59
91 1
43 -33
24 -59
-14 -97
-37 -119
-56 -140
-68 -148
-88 -177
-98 -186
-118 -207
-127 -212
-131 -212
-128 -225
-140 -223
-128 -219
-134 -227
-136 -222
-123 -214
-128 -214
-117 -221
-121 -203
-105 -198
-105 -179
-82 -186
-94 -187
-89 -172
-81 -175
-71 -164
-76 -158
-67 -151
-65 -163
-75 -168
-84 -164
-77 -172
-85 -160
-83 -176
-97 -174
-105 -195
-125 -217
-147 -225
-162 -240
-173 -249
-194 -283
-229 -305
-257 -338
-288 -376
-332 -406
-361 -426
-391 -466
-432 -509
-480 -551
-532 -607
-582 -658
-640 -693
-682 -755
-746 -811
-796 -864
-871 -934
-928 -994
-999 -1053
-1063 -1116
-1125 -1192
-1200 -1255
-1280 -1332
-1349 -1403
-1426 -1472
-1505 -1558
-1582 -1630
-1660 -1706
-1739 -1783
-1823 -1873
-1904 -1930
-1975 -2019
-2055 -2099
-2140 -2175
-2220 -2256
-2303 -2334
-2377 -2406
-2461 -2489
-2533 -2563
-2611 -2638
-2693 -2717
-2759 -2785
-2834 -2843
-2900 -2921
-2966 -2984
-3029 -3046
-3098 -3115
-3158 -3171
-3215 -3220
-3266 -3272
-3321 -3324
-3361 -3369
-3415 -3421
-3460 -3459
-3492 -3485
-3524 -3522
-3553 -3557
-3594 -3584
-3615 -3608
-3635 -3631
-3655 -3634
-3654 -3642
-3662 -3650
-3669 -3661
-3687 -3666
-3674 -3653
-3667 -3654
-3662 -3634
-3563 -3543
-3533 -3513
-3515 -3491
-3494 -3468
-3462 -3434
-3429 -3396
-3386 -3361
-3351 -3318
-3300 -3259
-3248 -3219
-3199 -3165
-3151 -3112
-3093 -3048
-3025 -2993
-2965 -2923
-2899 -2859
-2831 -2785
-2759 -2706
-2673 -2640
-2610 -2557
-2522 -2483
-2444 -2394
-2367 -2320
-2281 -2225
-2189 -2137
-2101 -2057
-2024 -1970
-1927 -1877
-1845 -1793
-1757 -1698
-1660 -1615
-1580 -1514
-1482 -1433
-1391 -1336
-1310 -1251
-1216 -1158
-1122 -1065
-1039 -992
-959 -888
-858 -808
-781 -720
-702 -653
-626 -558
-540 -482
-464 -414
-392 -329
-312 -252
-242 -183
-167 -117
-113 -46
-43 18
25 74
73 137
137 190
192 252
243 291
278 343
335 401
384 430
413 468
462 514
489 549
523 570
547 608
579 637
600 646
615 669
641 684
641 698
657 706
669 721
677 730
683 725
685 737
685 724
679 730
681 719
670 721
663 703
656 694
636 683
631 665
614 658
605 640
577 617
562 602
549 579
519 557
506 537
483 522
468 492
437 466
419 451
395 422
380 413
358 380
337 358
309 332
292 317
270 295
256 276
241 267
231 234
198 222
189 205
176 197
171 184
161 174
155 164
145 154
137 146
130 143
128 140
136 139
139 134
125 138
144 149
149 151
155 159
171 172
185 182
196 187
204 205
231 234
244 244
276 264
291 291
321 307
368 331
395 391
427 418
451 448
495 479
523 502
545 539
587 577
633 612
654 645
705 693
739 716
768 747
802 790
853 837
885 871
938 916
974 945
997 982
1039 1012
1078 1062
1121 1104
1165 1144
1209 1173
1224 1203
1263 1246
1302 1280
1338 1315
1371 1345
1405 1376
1426 1405
1463 1431
1482 1463
1513 1489
1535 1511
1565 1528
1569 1543
1590 1574
1620 1588
1626 1604
1643 1623
1664 1635
1666 1633
1666 1640
1674 1656
1683 1652
1680 1659
1687 1657
1673 1651
1673 1639
1657 1637
1651 1630
1642 1617
1629 1603
1614 1586
1589 1573
1580 1555
1553 1526
1530 1512
1505 1476
1480 1460
1451 1427
1419 1406
1396 1373
1361 1335
1317 1304
1291 1266
1254 1239
1216 1198
1177 1162
1140 1119
1098 1080
1050 1037
1015 997
967 954
936 918
887 878
849 831
794 777
753 745
710 697
665 659
633 618
585 582
544 531
501 486
453 450
409 403
379 378
345 332
298 295
263 254
224 218
183 185
160 151
114 124
100 90
62 65
34 34
0 -4
-25 -23
-51 -55
-85 -74
-88 -91
-121 -114
-138 -143
-159 -149
-177 -172
-194 -190
-206 -202
-220 -209
-233 -226
-236 -234
-254 -241
-259 -247
-257 -254
-270 -264
-281 -264
-275 -263
-276 -274
-289 -280
-284 -261
-276 -270
-279 -267
-280 -272
-283 -265
-277 -270
-273 -257
-267 -253
-253 -242
-254 -243
-252 -242
-249 -229
-241 -223
-227 -219
-231 -215
-221 -203
-213 -201
-209 -198
-219 -200
-207 -188
-202 -190
-198 -185
-198 -187
-199 -178
-193 -177
-196 -178
-193 -177
-188 -176
-191 -179
-195 -182
-196 -168
-190 -182
-203 -191
-211 -201
-219 -201
-220 -209
-226 -203
-225 -220
-242 -223
-247 -237
-264 -255
-274 -260
-281 -261
-286 -280
-301 -290
-312 -299
-328 -327
-353 -339
-358 -347
-373 -359
-379 -368
-389 -390
-414 -405
-429 -426
-441 -419
-445 -445
-459 -454
-473 -466
-487 -489
-504 -499
-515 -502
-517 -513
-525 -529
-533 -531
-550 -541
-542 -550
-558 -545
-550 -557
-561 -562
-555 -561
-570 -572
-560 -560
-555 -565
-551 -542
-536 -545
-533 -538
-517 -529
-520 -527
-500 -501
-479 -484
-463 -468
-441 -456
-414 -423
-395 -413
-373 -380
-341 -338
-302 -320
-275 -289
-237 -256
-209 -220
-164 -188
-133 -132
-80 -95
-33 -51
10 -8
51 28
102 89
159 147
215 191
260 247
324 299
371 355
434 403
488 476
552 529
611 585
666 646
728 704
786 768
855 829
918 896
978 948
1031 1012
1096 1066
1150 1125
1211 1194
1273 1242
1328 1298
1379 1353
1434 1413
1485 1453
1532 1507
1577 1553
1628 1598
1674 1639
1707 1677
1743 1721
1779 1761
1824 1785
1839 1819
1871 1836
1887 1862
1908 1867
1906 1885
1928 1907
1937 1899
1934 1911
1932 1902
1929 1909
1927 1888
1898 1877
1892 1860
1858 1835
1832 1801
1796 1773
1764 1739
1715 1685
1670 1643
1613 1587
1559 1537
1502 1479
1437 1404
1355 1336
1285 1262
1203 1172
1113 1088
1029 1007
933 918
844 815
740 718
626 608
519 501
415 391
293 273
172 154
57 42
-65 -87
-207 -222
-331 -346
-461 -478
-601 -621
-737 -751
-875 -885
-1013 -1028
-1154 -1172
-1305 -1314
-1443 -1456
-1583 -1595
-1727 -1736
-1872 -1882
-2006 -2017
-2160 -2161
-2288 -2300
-2431 -2434
-2562 -2573
-2709 -2712
-2831 -2833
-2966 -2969
-3100 -3106
-3221 -3224
-3348 -3347
-3461 -3466
-3581 -3573
-3683 -3683
-3794 -3797
-3897 -3893
-3999 -3997
-4092 -4080
-4169 -4169
-4253 -4250
-4339 -4329
-4399 -4399
-4476 -4462
-4533 -4522
-4579 -4567
-4624 -4617
-4670 -4660
-4706 -4697
-4731 -4721
-4758 -4736
-4758 -4752
-4773 -4749
-4759 -4744
-4752 -4748
-4750 -4727
-4723 -4703
-4692 -4672
-4651 -4637
-4610 -4577
-4549 -4543
-4507 -4491
-4445 -4417
-4364 -4339
-4285 -4257
-4193 -4176
-4105 -4087
-4018 -3988
-3906 -3886
-3800 -3770
-3686 -3663
-3562 -3524
-3417 -3403
-3300 -3268
-3162 -3130
-3010 -2987
-2870 -2837
-2717 -2692
-2561 -2527
-2398 -2373
-2236 -2200
-2066 -2039
-1904 -1872
-1733 -1697
-1549 -1532
-1395 -1358
-1201 -1164
-1018 -982
-838 -806
-657 -622
-468 -439
-302 -274
-117 -78
81 117
254 293
443 472
616 635
775 821
960 992
1135 1172
1302 1333
1470 1516
1646 1677
1798 1817
1897 1981
2063 2091
2202 2240
2350 2380
2483 2528
2623 2640
2732 2768
2858 2885
2968 3006
3077 3114
3189 3218
3283 3306
3365 3404
3459 3493
3543 3568
3605 3633
3672 3711
3740 3755
3775 3810
3830 3859
3868 3901
3902 3929
3930 3952
3944 3971
3954 3979
3952 3981
3955 3980
3948 3981
3944 3966
3918 3933
3887 3916
3857 3883
3819 3843
3774 3796
3725 3747
3669 3681
3593 3615
3535 3556
3464 3484
3387 3407
3305 3322
3220 3234
3128 3143
3036 3058
2945 2960
2850 2868
2738 2752
2638 2646
2523 2537
2414 2426
2298 2313
2195 2203
2073 2089
1951 1956
1835 1840
1710 1720
1596 1604
1475 1488
1364 1369
1242 1245
1122 1128
1005 1007
888 889
769 777
664 668
554 557
446 446
335 334
226 224
125 124
32 36
-56 -56
-152 -165
-244 -243
-327 -328
-408 -409
-477 -488
-559 -561
-626 -628
-680 -688
-742 -753
-805 -814
-851 -856
-900 -918
-952 -954
-975 -978
-1002 -1015
-1033 -1047
-1057 -1069
-1078 -1083
-1090 -1105
-1097 -1112
-1105 -1114
-1103 -1118
-1098 -1105
-1080 -1104
-1082 -1093
-1055 -1070
-1042 -1060
-1020 -1027
-977 -998
-951 -963
-911 -935
-878 -888
-826 -847
-793 -804
-732 -751
-687 -709
-639 -646
-575 -595
-512 -534
-464 -489
-403 -414
-338 -357
-271 -293
-213 -223
-138 -159
-66 -92
-7 -27
59 44
126 117
205 173
256 244
329 306
398 382
462 434
516 500
581 576
653 620
695 681
752 730
808 793
866 833
900 895
959 940
1003 988
1048 1024
1081 1061
1115 1098
1155 1145
1192 1171
1215 1192
1234 1220
1257 1243
1282 1257
1287 1282
1310 1288
1316 1299
1320 1301
1315 1300
1317 1304
1315 1300
1308 1298
1304 1283
1289 1280
1271 1249
1247 1230
1222 1222
1211 1194
1179 1166
1152 1135
1108 1097
1080 1066
1039 1034
1000 988
965 948
914 904
866 853
816 804
773 767
720 712
679 668
623 614
569 561
513 500
459 457
406 396
354 348
302 291
244 234
187 181
129 131
80 69
25 16
-26 -33
-81 -83
-123 -134
-176 -175
-225 -231
-271 -275
-309 -317
-359 -366
-398 -400
-434 -440
-467 -467
-508 -514
-541 -542
-567 -573
-600 -607
-628 -636
-650 -636
-653 -663
-681 -686
-700 -706
-717 -716
-724 -729
-729 -727
-732 -738
-734 -733
-731 -734
-733 -739
-736 -731
-713 -713
-699 -706
-695 -696
-672 -676
-662 -661
-638 -646
-624 -619
-591 -591
-565 -574
-543 -544
-514 -527
-492 -484
-456 -457
-414 -419
-388 -384
-344 -353
-309 -311
-274 -285
-244 -232
-192 -201
-156 -161
-120 -128
-81 -82
-42 -43
-3 -12
33 31
75 72
107 101
150 140
174 172
210 209
249 236
273 268
307 304
338 334
366 351
381 372
406 407
427 415
437 432
464 451
470 471
487 471
490 475
478 500
490 473
480 475
489 473
474 473
472 457
459 451
444 430
420 406
402 396
377 360
352 342
328 314
295 285
256 245
227 211
177 167
138 120
95 83
49 35
-9 -17
-50 -70
-114 -133
-179 -189
-228 -250
-299 -307
-353 -371
-421 -429
-478 -497
-555 -578
-624 -634
-694 -714
-765 -777
-834 -851
-905 -917
-981 -1003
-1062 -1086
-1142 -1155
-1219 -1237
-1287 -1296
-1356 -1373
-1428 -1448
-1509 -1525
-1579 -1599
-1656 -1667
-1718 -1738
-1800 -1812
-1858 -1887
-1943 -1950
-1999 -2023
-2075 -2092
-2133 -2138
-2188 -2209
-2257 -2278
-2317 -2332
-2373 -2385
-2418 -2430
-2467 -2486
-2519 -2527
-2556 -2579
-2611 -2623
-2649 -2665
-2687 -2696
-2719 -2732
-2745 -2763
-2775 -2783
-2797 -2814
-2829 -2840
-2845 -2859
-2859 -2866
-2865 -2872
-2871 -2876
-2870 -2895
-2889 -2897
-2883 -2886
-2877 -2883
-2865 -2877
-2859 -2862
-2836 -2849
-2827 -2827
-2797 -2810
-2781 -2780
-2754 -2756
-2724 -2731
-2686 -2696
-2657 -2655
-2614 -2612
-2563 -2568
-2531 -2527
-2479 -2477
-2430 -2435
-2385 -2387
-2336 -2329
-2269 -2266
-2218 -2206
-2147 -2149
-2097 -2095
-2038 -2031
-1973 -1970
-1906 -1892
-1833 -1822
-1763 -1748
-1683 -1689
-1639 -1622
-1558 -1546
-1485 -1463
-1405 -1396
-1335 -1319
-1256 -1245
-1193 -1176
-1113 -1095
-1043 -1025
-968 -944
-889 -868
-811 -801
-754 -727
-674 -653
-599 -577
-534 -509
-460 -426
-378 -357
-318 -298
-254 -220
-179 -150
-114 -81
-45 -22
14 52
79 108
157 183
215 257
280 310
332 372
395 423
444 480
491 525
542 584
593 632
643 681
684 731
744 771
771 817
821 858
854 902
900 946
939 982
977 1020
1014 1055
1047 1094
1075 1117
1102 1154
1139 1192
1170 1210
1194 1243
1228 1272
1250 1305
1282 1326
1303 1356
1327 1380
1357 1400
1368 1424
1404 1450
1422 1477
1447 1495
1459 1513
1485 1539
1506 1556
1520 1575
1554 1604
1565 1616
1586 1632
1601 1662
1629 1684
1648 1695
1667 1718
1687 1742
1711 1760
1729 1776
1741 1800
1766 1818
1790 1838
1808 1859
1826 1875
1851 1907
1876 1922
1892 1942
1918 1974
1945 1989
1960 2005
1985 2031
2004 2061
2034 2075
2056 2102
2077 2127
2100 2141
2117 2164
2147 2185
2163 2217
2194 2231
2217 2252
2232 2276
2256 2299
2283 2320
2305 2339
2312 2351
2344 2386
2364 2396
2382 2417
2403 2430
2416 2454
2436 2465
2452 2478
2458 2497
2487 2510
2501 2531
2512 2533
2521 2549
2535 2553
2534 2551
2534 2560
2552 2573
2556 2575
2562 2574
2558 2569
2557 2574
2548 2567
2559 2564
2544 2560
2545 2548
2538 2545
2526 2529
2513 2525
2500 2500
2484 2483
2466 2463
2446 2445
2424 2419
2401 2402
2384 2373
2352 2344
2323 2312
2293 2280
2265 2253
2235 2227
2206 2188
2168 2152
2129 2109
2089 2068
2051 2023
2003 1987
1966 1942
1929 1898
1878 1851
1833 1798
1784 1755
1740 1704
1682 1656
1610 1556
1566 1526
1517 1475
1458 1417
1408 1372
1369 1332
1318 1273
1270 1224
1217 1165
1160 1113
1110 1058
1065 1028
1021 965
974 926
930 870
876 815
822 772
786 732
742 683
702 640
656 597
608 540
564 498
522 468
492 422
454 391
426 357
381 315
353 278
316 253
289 223
263 184
237 171
213 134
186 114
164 97
141 62
120 49
107 21
84 14
75 -6
59 -3
54 -31
35 -47
24 -49
13 -70
8 -71
1 -75
-6 -81
-7 -92
-15 -98
-29 -104
-27 -111
-28 -97
-25 -109
-32 -103
-28 -114
-38 -125
-51 -123
-47 -121
-43 -117
-43 -132
-61 -132
-61 -139
-67 -155
-86 -154
-90 -160
-90 -161
-93 -174
-118 -188
-127 -200
-144 -221
-167 -232
-180 -252
-201 -267
-227 -294
-247 -318
-285 -354
-315 -375
-345 -407
-378 -452
-429 -485
-461 -523
-511 -573
-557 -612
-599 -655
-654 -710
-708 -769
-773 -823
-835 -886
-903 -946
-956 -1017
-1044 -1091
-1116 -1159
-1192 -1234
-1267 -1313
-1362 -1403
-1439 -1478
-1530 -1572
-1625 -1661
-1714 -1746
-1811 -1842
-1907 -1944
-2015 -2040
-2117 -2148
-2224 -2245
-2322 -2356
-2444 -2462
-2551 -2574
-2661 -2678
-2782 -2800
-2897 -2915
-3012 -3022
-3125 -3140
-3250 -3257
-3359 -3371
-3483 -3484
-3604 -3612
-3720 -3722
-3839 -3836
-3955 -3954
-4067 -4065
-4185 -4177
-4297 -4292
-4410 -4398
-4521 -4514
-4631 -4611
-4730 -4716
-4812 -4815
-4916 -4898
-5012 -4993
-5107 -5082
-5198 -5173
-5279 -5253
-5359 -5334
-5438 -5407
-5513 -5478
-5571 -5542
-5643 -5598
-5693 -5666
-5753 -5709
-5796 -5758
-5845 -5802
-5875 -5826
-5906 -5858
-5926 -5883
-5949 -5903
-5964 -5906
-5969 -5921
-5972 -5914
-5958 -5899
-5946 -5896
-5929 -5871
-5904 -5842
-5865 -5805
-5831 -5769
-5779 -5705
-5721 -5662
-5664 -5600
-5597 -5519
-5512 -5447
-5432 -5358
-5340 -5269
-5247 -5181
-5153 -5072
-5035 -4962
-4923 -4839
-4792 -4720
-4666 -4585
-4528 -4462
-4401 -4312
-4250 -4163
-4088 -4011
-3939 -3856
-3767 -3679
-3592 -3514
-3426 -3345
-3254 -3158
-3055 -2968
-2873 -2790
-2682 -2592
-2473 -2391
-2286 -2197
-2081 -1999
-1880 -1790
-1674 -1572
-1451 -1366
-1239 -1157
-1032 -949
-816 -716
-590 -508
-382 -289
-159 -59
75 158
287 370
506 590
724 823
950 1033
1157 1248
1376 1465
1595 1678
1793 1881
2007 2088
2212 2300
2416 2502
2614 2701
2820 2898
2997 3076
3185 3275
3375 3451
3550 3634
3727 3807
3903 3979
4060 4139
4219 4292
4372 4452
4520 4595
4667 4739
4798 4858
4912 4992
5045 5114
5160 5227
5263 5335
5370 5435
5467 5528
5550 5609
5627 5694
5708 5769
5770 5832
5834 5891
5888 5934
5921 5977
5960 6012
5994 6045
6013 6068
6038 6084
6047 6083
6042 6087
6034 6083
6033 6072
6011 6054
5997 6036
5967 5994
5927 5962
5883 5914
5828 5864
5783 5807
5721 5750
5662 5678
5584 5609
5515 5539
5440 5459
5353 5369
5264 5280
5175 5187
5078 5081
4871 4911
4776 4780
4676 4679
4561 4568
4455 4459
4352 4343
4232 4232
4122 4120
4008 3994
3890 3887
3775 3764
3653 3645
3538 3518
3417 3402
3296 3283
3189 3172
3067 3044
2951 2921
2825 2808
2716 2685
2597 2574
2490 2461
2379 2345
2266 2231
2159 2122
2051 2020
1950 1914
1854 1814
1754 1712
1655 1610
1565 1527
1478 1428
1382 1338
1308 1259
1222 1171
1140 1088
1072 1016
989 943
929 868
863 812
803 743
739 686
696 628
629 568
579 523
542 478
500 433
449 386
422 362
387 310
349 279
317 257
299 228
280 211
258 187
241 176
225 149
212 131
185 118
182 111
179 111
179 95
158 92
166 88
152 67
141 69
137 65
150 81
156 69
140 71
152 74
142 62
140 69
141 62
137 66
142 64
140 62
129 51
122 49
113 43
111 27
90 25
96 17
75 1
65 -2
50 -28
28 -39
14 -63
-17 -83
-31 -103
-59 -119
-83 -158
-117 -188
-154 -215
-184 -254
-226 -294
-264 -323
-305 -364
-343 -409
-396 -462
-452 -510
-497 -559
-554 -605
-602 -663
-663 -715
-718 -776
-785 -842
-847 -900
-913 -957
-969 -1017
-1039 -1092
-1108 -1156
-1187 -1237
-1254 -1300
-1329 -1362
-1394 -1445
-1477 -1513
-1549 -1591
-1628 -1667
-1703 -1738
-1772 -1803
-1850 -1886
-1922 -1956
-2000 -2030
-2079 -2111
-2154 -2179
-2221 -2253
-2304 -2322
-2362 -2384
-2430 -2455
-2496 -2517
-2573 -2594
-2640 -2653
-2694 -2707
-2757 -2773
-2815 -2833
-2876 -2887
-2929 -2939
-2979 -2990
-3032 -3033
-3074 -3076
-3110 -3116
-3151 -3160
-3195 -3196
-3229 -3225
-3251 -3244
-3281 -3283
-3307 -3299
-3320 -3316
-3339 -3333
-3351 -3342
-3356 -3337
-3354 -3344
-3359 -3350
-3357 -3343
-3352 -3337
-3339 -3320
-3319 -3294
-3295 -3281
-3273 -3249
-3248 -3231
-3222 -3201
-3190 -3163
-3148 -3115
-3098 -3070
-3050 -3029
-3006 -2970
-2955 -2932
-2899 -2869
-2842 -2806
-2778 -2740
-2708 -2673
-2638 -2609
-2577 -2542
-2503 -2465
-2429 -2384
-2341 -2311
-2273 -2226
-2178 -2137
-2097 -2062
-2014 -1970
-1924 -1876
-1830 -1788
-1740 -1702
-1658 -1613
-1564 -1512
-1466 -1429
-1381 -1329
-1279 -1239
-1192 -1134
-1094 -1052
-1000 -953
-913 -859
-816 -773
-733 -678
-625 -584
-543 -484
-452 -409
-366 -316
-286 -232
-202 -154
-118 -65
-35 7
37 91
122 171
191 243
260 312
337 381
392 452
463 504
524 578
584 628
630 684
691 742
741 785
778 832
831 873
867 918
905 945
930 985
968 1012
988 1031
1016 1063
1030 1074
1055 1101
1070 1109
1077 1125
1083 1127
1090 1128
1088 1134
1086 1119
1086 1132
1079 1114
1065 1107
1058 1098
1045 1080
1024 1059
1006 1040
983 1021
965 990
929 968
910 948
882 900
844 879
812 839
775 804
746 772
704 734
672 694
631 652
593 621
554 576
521 548
484 499
440 464
403 422
361 356
316 336
286 302
242 259
208 217
174 184
133 146
105 121
75 82
43 53
17 30
-10 -11
-43 -41
-73 -67
-91 -79
-107 -102
-124 -127
-147 -150
-171 -168
-181 -185
-196 -194
-204 -203
-205 -206
-208 -222
-223 -222
-221 -226
-222 -226
-215 -224
-214 -222
-202 -213
-202 -210
-186 -200
-182 -190
-163 -171
-145 -161
-125 -143
-109 -119
-85 -96
-51 -71
-44 -55
-6 -20
23 3
50 28
74 59
115 101
146 129
182 162
216 189
243 228
287 261
322 303
355 342
407 385
445 415
468 445
512 495
558 536
594 568
628 610
676 643
695 677
742 713
775 759
815 790
850 820
881 863
922 894
946 926
985 955
1010 992
1036 1013
1069 1043
1090 1061
1106 1084
1134 1115
1162 1135
1173 1152
1196 1176
1214 1180
1213 1196
1232 1204
1237 1224
1257 1232
1258 1240
1267 1236
1258 1237
1262 1248
1263 1238
1257 1243
1263 1242
1257 1236
1243 1220
1231 1209
1213 1204
1209 1189
1188 1173
1181 1157
1153 1144
1143 1124
1114 1097
1087 1076
1067 1051
1037 1024
1020 1005
984 976
964 952
932 920
904 896
869 852
834 828
807 795
772 769
743 734
707 699
670 662
635 626
592 592
563 561
535 531
497 492
461 450
418 422
390 385
345 349
328 326
288 296
261 257
226 221
173 195
148 147
113 117
89 91
58 70
35 40
11 14
-18 -15
-47 -33
-60 -54
-84 -80
-112 -100
-126 -115
-144 -137
-167 -157
-182 -175
-203 -185
-213 -207
-233 -222
-251 -232
-254 -243
-262 -250
-278 -266
-288 -267
-285 -274
-303 -291
-315 -305
-320 -297
-321 -307
-326 -307
-325 -314
-333 -307
-332 -321
-333 -316
-338 -316
-333 -316
-328 -312
-333 -318
-333 -309
-330 -314
-328 -312
-333 -314
-325 -300
-319 -304
-319 -302
-315 -302
-323 -298
-316 -296
-309 -293
-313 -285
-297 -285
-302 -285
-298 -282
-303 -275
-291 -274
-286 -273
-292 -278
-292 -269
-286 -273
-288 -261
-279 -267
-282 -260
-276 -267
-282 -265
-282 -266
-280 -267
-283 -260
-279 -267
-282 -264
-275 -267
-285 -270
-281 -267
-282 -265
-279 -267
-282 -274
-285 -272
-289 -283
-289 -278
-287 -269
-280 -273
-284 -272
-276 -271
-281 -273
-275 -271
-277 -260
-270 -264
-264 -263
-265 -257
-258 -260
-259 -255
-247 -237
-240 -233
-223 -222
-215 -219
-215 -212
-202 -208
-187 -176
-170 -176
-156 -159
-144 -143
-131 -140
-114 -115
-93 -94
-67 -68
-41 -53
-22 -25
-1 -11
25 15
52 53
86 72
116 108
153 140
174 165
214 201
247 239
282 272
323 306
364 349
397 376
434 426
481 475
528 503
565 551
610 588
654 641
706 676
740 726
786 775
825 803
860 842
910 885
953 936
1004 971
1038 1028
1095 1070
1136 1116
1182 1155
1219 1194
1259 1236
1305 1283
1349 1324
1386 1358
1423 1399
1457 1434
1496 1460
1518 1499
1560 1534
1587 1553
1612 1582
1632 1609
1660 1637
1685 1651
1697 1674
1719 1688
1723 1697
1740 1702
1733 1707
1742 1723
1749 1718
1746 1714
1735 1704
1725 1699
1709 1673
1691 1671
1684 1655
1657 1628
1631 1598
1592 1563
1558 1534
1519 1491
1483 1449
1428 1403
1384 1358
1332 1301
1267 1236
1201 1178
1145 1118
1078 1046
1000 978
931 902
851 830
769 739
681 655
592 571
503 478
413 389
316 294
214 190
108 86
8 -14
-103 -126
-207 -227
-316 -339
-435 -457
-551 -565
-663 -683
-784 -804
-902 -921
-1017 -1035
-1136 -1154
-1261 -1275
-1371 -1388
-1495 -1508
-1617 -1629
-1733 -1751
-1851 -1862
-1970 -1984
-2081 -2090
-2198 -2213
-2314 -2319
-2423 -2437
-2536 -2542
-2646 -2656
-2750 -2757
-2850 -2855
-2952 -2961
-3047 -3048
-3140 -3150
-3235 -3241
-3322 -3323
-3403 -3404
-3484 -3487
-3555 -3557
-3630 -3627
-3692 -3694
-3756 -3751
-3809 -3809
-3864 -3864
-3913 -3903
-3949 -3946
-3988 -3987
-4020 -4016
-4050 -4037
-4060 -4059
-4084 -4074
-4091 -4076
-4089 -4092
-4098 -4086
-4086 -4071
-4068 -4054
-4048 -4037
-4024 -4011
-3994 -3984
-3961 -3950
-3923 -3905
-3866 -3848
-3814 -3795
-3751 -3735
-3687 -3681
-3631 -3605
-3550 -3533
-3469 -3446
-3380 -3367
-3295 -3262
-3191 -3173
-3093 -3082
-2983 -2952
-2863 -2843
-2755 -2728
-2632 -2613
-2515 -2483
-2389 -2374
-2275 -2247
-2146 -2124
-2015 -1987
-1885 -1856
-1743 -1721
-1609 -1588
-1475 -1442
-1332 -1303
-1184 -1157
-1048 -1027
-908 -866
-752 -736
-613 -580
-469 -439
-319 -285
-172 -145
-33 -6
111 141
246 274
391 425
530 556
661 703
804 830
933 952
1044 1080
1180 1213
1307 1341
1429 1457
1540 1584
1670 1687
1761 1792
1868 1900
1974 2010
2072 2106
2168 2193
2253 2277
2327 2361
2407 2436
2482 2517
2550 2577
2613 2650
2678 2697
2721 2754
2771 2804
2820 2848
2851 2883
2890 2917
2915 2942
2932 2960
2950 2978
2963 2988
2963 2994
2972 3000
2967 2988
2950 2978
2935 2956
2915 2944
2893 2921
2872 2897
2839 2863
2806 2824
2751 2774
2704 2729
2663 2686
2605 2627
2554 2575
2491 2510
2431 2450
2360 2380
2290 2309
2217 2239
2150 2167
2070 2089
1996 2012
1915 1930
1835 1851
1745 1764
1667 1681
1581 1589
1487 1507
1409 1423
1322 1332
1239 1250
1144 1158
1062 1068
972 983
894 906
808 816
730 745
655 657
567 576
493 500
417 418
336 345
273 278
202 214
144 138
72 80
13 13
-48 -43
-94 -93
-149 -152
-204 -196
-236 -238
-285 -286
-325 -329
-357 -357
-388 -389
-416 -420
-439 -439
-458 -462
-475 -481
-486 -497
-502 -500
-506 -505
-494 -508
-507 -511
-502 -511
-490 -493
-475 -493
-476 -478
-443 -447
-414 -465
-399 -403
-372 -386
-339 -344
-303 -325
-285 -286
-235 -248
-203 -210
-157 -171
-118 -134
-77 -84
-24 -36
26 11
66 50
112 105
170 158
224 203
264 258
333 314
373 357
426 411
482 468
528 518
588 568
631 619
693 675
733 722
791 768
823 807
872 867
926 908
966 949
1010 990
1045 1031
1083 1059
1108 1100
1151 1140
1183 1163
1211 1193
1235 1218
1254 1236
1274 1265
1299 1281
1310 1295
1325 1307
1330 1314
1338 1314
1337 1333
1346 1329
1342 1323
1337 1323
1327 1308
1314 1304
1301 1286
1286 1271
1267 1246
1242 1233
1217 1201
1194 1174
1155 1152
1134 1116
1096 1082
1063 1044
1014 1002
977 964
935 916
889 885
843 826
792 779
747 732
686 673
639 629
589 579
537 524
482 469
425 414
362 348
310 298
253 249
204 192
146 131
92 81
23 14
-26 -39
-83 -85
-133 -144
-182 -194
-234 -245
-287 -297
-341 -353
-388 -391
-433 -439
-471 -482
-513 -526
-559 -568
-595 -601
-631 -634
-664 -672
-693 -701
-718 -730
-754 -764
-777 -785
-797 -795
-815 -825
-831 -836
-842 -855
-861 -868
-866 -871
-870 -875
-873 -878
-870 -875
-865 -872
-863 -873
-859 -864
-846 -844
-827 -841
-816 -820
-793 -796
-776 -785
-755 -764
-732 -738
-705 -705
-673 -682
-642 -648
-610 -621
-582 -579
-538 -547
-500 -508
-463 -469
-415 -425
-382 -388
-338 -350
-299 -295
-251 -259
-207 -213
-168 -178
-124 -129
-82 -88
-40 -51
-1 -5
50 47
95 89
135 123
171 159
205 207
249 238
291 285
323 313
357 356
398 384
421 406
440 444
485 471
506 499
529 514
545 548
572 554
579 570
589 582
603 592
611 604
621 605
615 617
624 608
617 604
606 599
595 586
594 586
577 560
549 543
537 524
508 494
475 463
448 435
413 405
380 367
340 331
300 287
252 236
204 194
153 141
99 90
52 36
-12 -25
-71 -85
-134 -147
-199 -207
-261 -281
-326 -336
-398 -410
-467 -476
-534 -550
-608 -620
-685 -696
-756 -775
-836 -848
-917 -933
-994 -998
-1062 -1077
-1140 -1157
-1224 -1236
-1296 -1314
-1379 -1391
-1457 -1466
-1528 -1541
-1601 -1612
-1678 -1697
-1750 -1756
-1821 -1837
-1891 -1898
-1960 -1973
-2028 -2039
-2093 -2111
-2164 -2173
-2221 -2231
-2278 -2291
-2337 -2343
-2392 -2402
-2441 -2455
-2495 -2509
-2545 -2551
-2586 -2594
-2624 -2629
-2657 -2670
-2701 -2716
-2742 -2745
-2762 -2775
-2795 -2798
-2811 -2815
-2825 -2832
-2842 -2858
-2872 -2874
-2874 -2875
-2877 -2878
-2875 -2887
-2881 -2881
-2869 -2876
-2866 -2866
-2856 -2862
-2844 -2847
-2828 -2824
-2802 -2806
-2774 -2780
-2759 -2756
-2722 -2720
-2687 -2688
-2659 -2657
-2613 -2606
-2566 -2565
-2523 -2526
-2482 -2473
-2421 -2414
-2377 -2369
-2316 -2316
-2262 -2249
-2199 -2197
-2096 -2113
-2035 -2021
-1966 -1956
-1905 -1888
-1826 -1823
-1762 -1753
-1699 -1689
-1627 -1609
-1545 -1533
-1478 -1463
-1401 -1382
-1320 -1313
-1257 -1243
-1181 -1165
-1100 -1075
-1022 -1000
-936 -926
-869 -851
-794 -774
-720 -700
-639 -618
-566 -539
-486 -457
-403 -394
-346 -317
-263 -237
-192 -161
-113 -95
-51 -17
28 52
88 116
160 189
228 260
293 326
361 385
417 446
474 515
544 574
597 630
658 689
708 749
767 793
809 846
861 904
916 948
959 1000
1009 1042
1051 1092
1094 1128
1131 1173
1172 1214
1212 1251
1244 1286
1282 1316
1311 1355
1339 1382
1374 1418
1404 1449
1435 1472
1450 1495
1489 1527
1502 1549
1532 1573
1548 1598
1576 1620
1591 1636
1614 1654
1629 1668
1636 1687
1659 1699
1668 1718
1689 1734
1700 1742
1716 1761
1725 1767
1737 1780
1749 1795
1760 1805
1770 1814
1785 1826
1788 1842
1808 1848
1817 1857
1820 1865
1831 1874
1841 1886
1854 1892
1855 1905
1877 1913
1876 1916
1883 1922
1894 1941
1907 1946
1912 1946
1918 1959
1929 1969
1932 1968
1945 1981
1947 1988
1959 1994
1973 2004
1977 2013
1984 2026
1997 2027
2002 2030
2002 2035
2018 2052
2023 2050
2028 2057
2035 2064
2038 2068
2042 2066
2053 2078
2054 2086
2067 2089
2068 2086
2070 2091
2067 2092
2072 2092
2077 2094
2072 2090
2078 2098
2078 2093
2077 2088
2069 2081
2065 2083
2064 2068
2056 2071
2052 2061
2050 2056
2038 2042
2023 2027
2015 2023
2005 2009
1999 1997
1982 1980
1966 1967
1954 1949
1935 1927
1907 1911
1900 1893
1880 1875
1863 1851
1839 1824
1811 1804
1791 1778
1763 1748
1736 1726
1715 1699
1690 1669
1658 1630
1620 1612
1602 1575
1564 1544
1538 1507
1495 1474
1471 1439
1433 1409
1401 1371
1364 1334
1334 1301
1292 1252
1253 1228
1224 1188
1182 1141
1144 1110
1111 1067
1071 1032
1033 986
995 964
966 919
927 877
884 841
851 800
813 767
784 737
741 696
718 659
676 621
637 586
607 550
573 530
552 491
516 460
490 430
453 388
422 367
396 341
379 322
357 287
326 267
299 235
278 207
250 190
235 175
219 158
204 131
180 121
166 95
149 79
128 66
117 47
101 38
101 31
83 16
71 -4
58 -7
46 -16
45 -33
26 -40
22 -49
12 -61
1 -62
-5 -75
-16 -79
-15 -95
-38 -100
-37 -107
-45 -104
-50 -124
-67 -137
-75 -140
-89 -154
-98 -168
-114 -176
-119 -179
-133 -207
-153 -219
-170 -228
-182 -248
-205 -265
-224 -285
-240 -300
-268 -327
-286 -354
-326 -383
-352 -404
-378 -432
-404 -469
-454 -506
-482 -537
-522 -579
-565 -611
-602 -653
-645 -693
-691 -746
-749 -794
-794 -840
-851 -891
-897 -946
-963 -1005
-1021 -1061
-1088 -1129
-1154 -1197
-1226 -1261
-1286 -1319
-1330 -1332
-1405 -1438
-1482 -1512
-1559 -1587
-1634 -1668
-1721 -1747
-1797 -1821
-1881 -1906
-1966 -1989
-2047 -2069
-2138 -2154
-2227 -2243
-2313 -2336
-2409 -2421
-2499 -2512
-2585 -2597
-2679 -2689
-2770 -2780
-2866 -2873
-2961 -2968
-3057 -3056
-3140 -3143
-3233 -3230
-3324 -3329
-3414 -3408
-3509 -3505
-3594 -3587
-3677 -3673
-3765 -3757
-3854 -3843
-3929 -3913
-4011 -3994
-4088 -4079
-4167 -4147
-4237 -4222
-4313 -4289
-4375 -4352
-4437 -4418
-4504 -4475
-4554 -4526
-4610 -4581
-4655 -4629
-4706 -4673
-4744 -4709
-4780 -4750
-4813 -4773
-4843 -4808
-4867 -4828
-4883 -4848
-4903 -4855
-4907 -4862
-4905 -4865
-4911 -4862
-4904 -4863
-4894 -4842
-4876 -4830
-4858 -4805
-4825 -4767
-4786 -4734
-4753 -4704
-4706 -4654
-4663 -4601
-4600 -4548
-4542 -4478
-4470 -4402
-4392 -4334
-4318 -4259
-4236 -4177
-4148 -4079
-4052 -3993
-3956 -3884
-3847 -3782
-3737 -3674
-3630 -3560
-3508 -3442
-3381 -3312
-3256 -3183
-3122 -3049
-2980 -2915
-2850 -2780
-2707 -2628
-2552 -2483
-2400 -2323
-2242 -2169
-2083 -2013
-1927 -1851
-1763 -1693
-1600 -1516
-1428 -1359
-1256 -1178
-1081 -1018
-922 -837
-739 -660
-555 -485
-391 -313
-208 -132
-26 46
147 217
318 402
507 582
681 753
854 931
1033 1100
1196 1272
1373 1442
1537 1613
1705 1785
1876 1941
2036 2103
2186 2251
2340 2421
2501 2565
2645 2715
2789 2866
2946 3003
3068 3135
3208 3269
3334 3408
3463 3524
3585 3650
3701 3756
3801 3863
3911 3972
4011 4068
4100 4163
4198 4257
4287 4345
4363 4411
4386 4485
4455 4507
4517 4564
4564 4617
4618 4671
4669 4709
4700 4746
4736 4780
4764 4809
4788 4832
4809 4849
4817 4850
4815 4852
4820 4857
4817 4854
4809 4842
4794 4825
4777 4803
4744 4770
4713 4744
4685 4712
4644 4670
4610 4629
4559 4577
4508 4528
4449 4467
4393 4410
4332 4345
4269 4281
4201 4208
4129 4142
4059 4064
3977 3987
3902 3905
3824 3828
3740 3737
3652 3651
3569 3570
3483 3478
3392 3386
3300 3296
3215 3203
3121 3111
3033 3019
2939 2929
2854 2836
2753 2738
2664 2647
2575 2557
2490 2469
2397 2369
2309 2290
2223 2198
2135 2106
2052 2022
1966 1940
1887 1854
1810 1776
1728 1699
1652 1613
1582 1549
1511 1468
1435 1401
1376 1335
1308 1261
1239 1199
1178 1132
1123 1086
1075 1021
1010 969
971 922
919 867
867 818
830 775
782 736
750 693
716 663
680 623
644 590
619 568
594 527
555 504
550 490
521 460
501 442
487 426
466 408
456 387
434 379
435 368
415 363
420 347
397 330
386 327
383 319
374 309
371 309
371 308
362 291
352 285
347 286
340 275
335 270
331 266
323 263
316 247
309 236
285 226
279 215
265 207
264 192
237 178
228 163
208 139
181 128
169 105
143 85
125 55
92 36
69 8
36 -21
4 -55
-31 -90
-67 -122
-101 -158
-143 -201
-187 -246
-233 -284
-269 -305
-316 -371
-365 -412
-419 -473
-474 -521
-522 -566
-579 -622
-628 -679
-695 -745
-760 -804
-822 -868
-884 -916
-943 -988
-1010 -1048
-1074 -1114
-1142 -1183
-1214 -1251
-1279 -1309
-1351 -1385
-1416 -1449
-1483 -1519
-1566 -1597
-1629 -1662
-1703 -1720
-1761 -1795
-1842 -1866
-1903 -1931
-1978 -1999
-2039 -2067
-2111 -2121
-2166 -2188
-2227 -2249
-2294 -2310
-2360 -2380
-2417 -2429
-2471 -2480
-2525 -2538
-2575 -2589
-2627 -2635
-2680 -2691
-2726 -2736
-2766 -2764
-2803 -2807
-2835 -2841
-2873 -2879
-2908 -2908
-2940 -2939
-2958 -2952
-2982 -2980
-2995 -2986
-3004 -3001
-3020 -3015
-3028 -3025
-3038 -3019
-3029 -3019
-3025 -3019
-3023 -3011
-3014 -2999
-2997 -2986
-2979 -2958
-2960 -2947
-2933 -2913
-2903 -2886
-2872 -2855
-2839 -2812
-2790 -2772
-2750 -2721
-2701 -2681
-2655 -2626
-2598 -2576
-2545 -2519
-2489 -2464
-2429 -2395
-2357 -2329
-2291 -2266
-2229 -2199
-2155 -2122
-2082 -2049
-1999 -1962
-1921 -1891
-1841 -1802
-1756 -1727
-1672 -1637
-1592 -1552
-1499 -1461
-1406 -1366
-1318 -1289
-1235 -1191
-1141 -1108
-1050 -1008
-958 -922
-870 -823
-774 -734
-682 -649
-599 -553
-504 -465
-416 -370
-318 -283
-241 -192
-148 -105
-59 -24
15 57
99 145
188 231
267 302
332 377
414 462
486 522
550 597
623 656
684 736
753 789
808 850
866 911
918 958
970 1011
1018 1054
1059 1104
1108 1145
1139 1177
1170 1212
1205 1243
1231 1271
1253 1287
1281 1318
1293 1330
1306 1343
1321 1359
1326 1358
1322 1360
1325 1354
1325 1363
1321 1352
1310 1341
1300 1324
1277 1313
1261 1298
1257 1278
1219 1250
1199 1224
1172 1202
1142 1164
1104 1131
1079 1108
1042 1066
1005 1027
963 982
922 945
875 894
828 849
788 814
744 754
694 716
646 661
596 616
551 565
502 515
449 464
403 414
351 363
300 312
254 265
206 213
153 163
106 115
63 67
14 18
-31 -22
-73 -67
-111 -110
-158 -158
-196 -191
-232 -229
-266 -264
-300 -305
-338 -341
-370 -370
-397 -404
-423 -422
-444 -445
-461 -465
-485 -498
-510 -518
-524 -529
-536 -539
-541 -554
-555 -561
-554 -568
-570 -578
-567 -582
-569 -577
-564 -576
-558 -573
-551 -562
-536 -555
-537 -547
-514 -534
-502 -511
-477 -496
-463 -476
-433 -459
-422 -438
-392 -405
-363 -381
-336 -357
-310 -327
-270 -295
-249 -264
-208 -234
-179 -193
-139 -159
-103 -124
-61 -89
-31 -53
7 -9
54 28
86 71
134 112
176 151
210 183
245 224
290 272
327 305
370 349
411 380
439 422
480 455
518 493
551 537
593 570
630 600
651 631
689 670
725 704
748 724
776 759
810 782
822 808
858 832
877 862
897 876
918 895
932 911
942 923
957 946
980 956
980 970
999 980
1003 978
996 984
1006 987
1006 994
1013 997
1009 997
1008 994
1001 979
967 984
958 943
949 943
945 933
928 917
915 899
889 885
880 867
854 845
837 835
819 808
799 792
775 767
747 743
721 713
696 691
665 667
642 632
611 612
588 584
553 556
528 524
497 494
460 461
435 433
401 407
374 371
341 349
314 315
281 282
250 253
215 223
189 195
164 169
130 143
108 113
81 81
43 55
19 28
-6 5
-31 -22
-57 -49
-81 -65
-101 -98
-132 -117
-149 -137
-172 -156
-189 -176
-205 -191
-223 -205
-236 -229
-259 -242
-272 -259
-290 -266
-291 -280
-309 -295
-327 -309
-328 -309
-340 -326
-351 -332
-360 -340
-362 -343
-373 -358
-374 -358
-385 -358
-378 -362
-387 -367
-388 -370
-388 -366
-390 -372
-386 -368
-390 -372
-388 -360
-376 -359
-374 -358
-383 -359
-373 -353
-369 -348
-363 -342
-358 -339
-351 -329
-346 -330
-347 -326
-339 -316
-327 -306
-318 -298
-312 -296
-307 -285
-295 -279
-297 -276
-286 -268
-277 -254
-267 -246
-256 -243
-251 -234
-247 -229
-239 -220
-226 -212
-225 -205
-209 -190
-199 -188
-196 -181
-187 -169
-177 -162
-169 -157
-161 -147
-155 -137
-141 -131
-134 -118
-124 -117
-118 -102
-102 -96
-101 -90
-86 -72
-74 -62
-61 -53
-49 -46
-43 -30
-26 -26
-22 -14
-8 5
7 12
25 31
39 37
50 57
66 64
80 84
94 104
140 120
153 154
173 168
185 187
206 198
224 232
249 241
267 266
292 290
313 303
331 328
365 362
387 380
416 403
435 431
464 459
495 478
517 517
557 543
584 573
614 598
637 625
670 662
706 691
733 720
771 752
802 791
834 810
859 847
898 888
936 916
965 947
1005 981
1029 1012
1065 1036
1089 1080
1130 1114
1166 1141
1195 1169
1222 1197
1247 1227
1279 1260
1309 1283
1333 1310
1364 1338
1379 1357
1411 1378
1421 1405
1456 1428
1469 1439
1486 1461
1500 1473
1514 1488
1530 1505
1540 1513
1549 1520
1552 1525
1559 1529
1556 1526
1558 1537
1555 1523
1549 1519
1537 1506
1526 1497
1510 1478
1492 1463
1471 1449
1454 1422
1429 1396
1395 1366
1368 1339
1334 1309
1302 1270
1259 1232
1220 1190
1167 1141
1126 1092
1066 1037
1011 988
961 935
906 870
834 810
770 744
701 669
628 605
564 536
484 459
409 379
328 303
242 216
154 134
79 51
-14 -37
-105 -130
-193 -215
-285 -310
-390 -413
-479 -500
-575 -601
-681 -702
-775 -793
-872 -893
-975 -994
-1071 -1092
-1175 -1190
-1272 -1292
-1371 -1391
-1472 -1486
-1574 -1593
-1668 -1680
-1767 -1786
-1865 -1878
-1957 -1968
-2046 -2066
-2149 -2159
-2232 -2244
-2323 -2334
-2415 -2426
-2493 -2500
-2577 -2591
-2660 -2670
-2734 -2740
-2808 -2815
-2882 -2885
-2941 -2949
-3009 -3012
-3068 -3075
-3126 -3134
-3115 -3153
-3166 -3171
-3213 -3210
-3249 -3251
-3289 -3284
-3318 -3323
-3351 -3345
-3371 -3378
-3404 -3399
-3413 -3406
-3424 -3423
-3431 -3425
-3433 -3428
-3431 -3422
-3423 -3421
-3415 -3410
-3404 -3389
-3380 -3376
-3357 -3345
-3325 -3317
-3296 -3280
-3255 -3247
-3215 -3207
-3173 -3159
-3121 -3108
-3063 -3046
-3004 -2996
-2948 -2923
-2871 -2856
-2802 -2798
-2744 -2723
-2662 -2642
-2573 -2551
-2487 -2471
-2403 -2375
-2305 -2297
-2223 -2204
-2131 -2110
-2030 -2004
-1927 -1902
-1819 -1801
-1721 -1703
-1619 -1593
-1511 -1491
-1404 -1376
-1295 -1275
-1179 -1146
-1062 -1047
-959 -930
-845 -816
-727 -706
-623 -593
-504 -480
-388 -359
-278 -255
-169 -138
-56 -30
48 78
160 191
271 288
360 392
471 504
575 606
676 702
769 800
868 900
960 981
1041 1073
1134 1163
1213 1246
1293 1322
1369 1396
1445 1473
1507 1535
1573 1602
1633 1663
1691 1729
1757 1782
1807 1828
1842 1875
1892 1923
1934 1962
1962 1993
1999 2030
2032 2054
2044 2074
2068 2096
2088 2115
2096 2127
2103 2129
2109 2135
2102 2128
2104 2129
2097 2123
2084 2110
2072 2105
2061 2075
2027 2054
2008 2036
1985 2010
1954 1978
1923 1948
1890 1905
1842 1865
1800 1825
1765 1792
1722 1744
1682 1700
1629 1646
1579 1598
1520 1543
1474 1494
1420 1438
1368 1389
1313 1325
1255 1276
1201 1217
1138 1156
1087 1102
1025 1039
969 983
912 925
856 873
801 815
751 766
697 704
641 654
590 603
545 553
492 504
447 458
404 416
361 363
314 320
275 284
239 246
201 209
172 175
139 150
115 115
87 94
69 69
42 50
31 37
17 12
-5 3
-2 -4
-15 -16
-22 -25
-25 -17
-19 -18
-15 -26
-17 -14
1 -3
6 10
28 13
29 31
51 53
77 73
101 92
119 112
150 148
176 161
198 200
242 237
271 262
305 295
342 331
376 373
416 406
457 445
489 485
534 524
572 564
621 602
649 644
701 686
732 722
776 770
820 803
856 850
906 885
933 925
978 962
1005 998
1051 1035
1077 1063
1110 1103
1154 1138
1180 1164
1204 1186
1228 1218
1255 1237
1272 1256
1288 1280
1317 1301
1334 1317
1345 1329
1352 1342
1367 1352
1372 1354
1373 1362
1380 1362
1375 1363
1378 1355
1364 1351
1354 1348
1353 1333
1334 1316
1317 1300
1294 1280
1275 1254
1247 1241
1226 1214
1200 1182
1167 1151
1135 1118
1093 1075
1058 1049
1021 1004
979 965
938 921
891 875
841 824
791 785
746 727
694 680
644 631
587 569
532 518
479 468
421 408
367 351
312 299
251 237
199 182
136 134
92 72
23 11
-27 -43
-90 -101
-138 -153
-194 -200
-242 -256
-294 -309
-352 -361
-399 -413
-449 -466
-495 -498
-536 -547
-575 -591
-618 -629
-664 -678
-703 -711
-729 -746
-772 -774
-773 -800
-801 -815
-825 -833
-854 -868
-875 -884
-889 -896
-903 -912
-915 -925
-922 -931
-930 -942
-936 -948
-942 -948
-937 -943
-928 -938
-925 -936
-917 -931
-909 -914
-895 -900
-875 -884
-858 -865
-834 -842
-809 -824
-792 -802
-765 -762
-724 -737
-699 -708
-667 -680
-636 -639
-593 -604
-558 -566
-521 -526
-476 -484
-436 -445
-391 -403
-353 -354
-300 -308
-254 -268
-218 -225
-168 -175
-121 -126
-72 -87
-36 -37
19 10
62 47
98 93
145 131
186 187
235 223
275 270
316 308
355 343
388 383
427 411
458 461
500 485
524 517
552 541
579 567
594 587
616 609
643 635
659 650
671 663
687 673
685 677
689 682
692 679
697 693
698 687
688 681
683 668
663 649
639 636
632 618
606 601
588 573
556 552
534 520
492 477
456 451
419 405
373 364
337 326
287 283
240 226
188 176
132 124
72 60
18 6
-47 -55
-106 -114
-167 -180
-235 -245
-306 -314
-368 -381
-443 -450
-510 -523
-585 -596
-661 -671
-738 -749
-813 -822
-887 -896
-963 -976
-1042 -1051
-1119 -1129
-1192 -1201
-1269 -1280
-1346 -1353
-1419 -1432
-1493 -1500
-1569 -1578
-1640 -1646
-1707 -1718
-1778 -1788
-1849 -1857
-1913 -1923
-1981 -1985
-2044 -2055
-2105 -2110
-2164 -2172
-2220 -2228
-2276 -2286
-2330 -2334
-2380 -2387
-2429 -2432
-2470 -2479
-2516 -2518
-2549 -2561
-2560 -2598
-2594 -2596
-2618 -2620
-2646 -2646
-2662 -2670
-2686 -2691
-2706 -2709
-2717 -2715
-2722 -2728
-2736 -2738
-2735 -2732
-2735 -2742
-2737 -2738
-2734 -2735
-2721 -2717
-2706 -2701
-2681 -2685
-2668 -2670
-2654 -2650
-2627 -2626
-2597 -2592
-2563 -2557
-2527 -2521
-2483 -2489
-2456 -2448
-2411 -2403
-2361 -2352
-2309 -2308
-2265 -2256
-2208 -2202
-2158 -2147
-2091 -2084
-2039 -2031
-1977 -1962
-1910 -1906
-1846 -1836
-1782 -1767
-1709 -1697
-1636 -1625
-1571 -1559
-1498 -1478
-1417 -1412
-1353 -1338
-1278 -1257
-1195 -1180
-1124 -1102
-1037 -1025
-966 -952
-892 -874
-815 -795
-735 -711
-657 -639
-579 -553
-491 -482
-431 -405
-348 -328
-277 -249
-197 -171
-121 -97
-47 -25
24 48
95 120
165 192
232 260
304 334
370 397
436 460
496 526
559 589
625 653
675 712
742 774
796 818
842 878
899 930
953 986
999 1030
1047 1086
1095 1126
1135 1166
1174 1213
1221 1251
1255 1293
1297 1332
1329 1361
1356 1397
1394 1427
1417 1456
1450 1485
1475 1516
1505 1535
1520 1564
1551 1591
1572 1605
1588 1630
1610 1644
1625 1666
1641 1672
1650 1695
1665 1704
1677 1715
1688 1730
1698 1731
1708 1748
1715 1752
1720 1760
1729 1770
1738 1778
1740 1777
1747 1782
1747 1787
1751 1789
1756 1793
1758 1802
1764 1796
1763 1802
1764 1795
1758 1800
1767 1802
1764 1796
1760 1798
1763 1803
1769 1800
1763 1793
1760 1796
1760 1793
1760 1793
1763 1796
1723 1758
1724 1754
1722 1749
1720 1750
1720 1750
1718 1745
1719 1746
1716 1744
1718 1746
1721 1746
1718 1741
1710 1736
1716 1743
1715 1733
1709 1734
1712 1730
1712 1735
1709 1729
1709 1727
1703 1722
1703 1721
1708 1724
1702 1713
1696 1718
1702 1712
1694 1703
1682 1693
1682 1700
1682 1684
1672 1686
1671 1676
1663 1674
1655 1658
1650 1653
1638 1647
1637 1640
1632 1631
1620 1621
1611 1611
1598 1596
1587 1583
1574 1575
1567 1562
1553 1545
1536 1528
1522 1512
1503 1500
1491 1482
1479 1469
1461 1447
1443 1425
1420 1407
1403 1384
1381 1374
1364 1341
1342 1328
1324 1298
1294 1271
1269 1250
1249 1226
1226 1203
1204 1178
1178 1155
1152 1120
1124 1093
1096 1069
1073 1042
1045 1019
1022 985
991 959
964 926
934 898
905 875
881 842
850 814
831 785
791 756
770 726
740 700
711 673
689 638
658 617
631 582
603 560
581 537
550 500
527 483
503 448
471 424
452 399
427 386
409 354
385 327
356 308
336 279
310 259
300 248
274 224
262 200
235 177
210 156
194 137
177 128
168 105
147 96
139 78
115 51
94 38
84 33
71 17
67 0
43 -11
31 -30
16 -48
1 -46
-5 -68
-23 -78
-27 -92
-52 -105
-58 -119
-73 -127
-87 -147
-103 -161
-114 -167
-127 -186
-139 -197
-159 -217
-177 -227
-163 -221
-179 -234
-198 -250
-212 -265
-229 -285
-252 -298
-269 -316
-286 -338
-305 -360
-336 -385
-359 -410
-390 -428
-404 -457
-440 -484
-465 -514
-502 -546
-532 -578
-568 -608
-602 -640
-637 -687
-682 -722
-718 -755
-758 -796
-800 -838
-846 -884
-896 -929
-943 -978
-989 -1027
-1048 -1079
-1097 -1122
-1145 -1177
-1201 -1234
-1269 -1298
-1324 -1348
-1381 -1409
-1447 -1470
-1504 -1525
-1568 -1588
-1631 -1655
-1701 -1722
-1771 -1788
-1838 -1855
-1903 -1918
-1973 -1987
-2044 -2054
-2108 -2120
-2185 -2197
-2260 -2271
-2329 -2337
-2402 -2407
-2474 -2476
-2537 -2544
-2615 -2616
-2687 -2692
-2759 -2756
-2827 -2826
-2896 -2890
-2961 -2954
-3024 -3022
-3097 -3089
-3158 -3148
-3220 -3211
-3282 -3270
-3340 -3328
-3397 -3379
-3450 -3440
-3513 -3495
-3558 -3538
-3612 -3591
-3655 -3636
-3698 -3676
-3738 -3713
-3778 -3757
-3811 -3780
-3843 -3820
-3872 -3842
-3894 -3864
-3913 -3879
-3932 -3902
-3944 -3914
-3961 -3923
-3961 -3928
-3966 -3928
-3960 -3923
-3960 -3920
-3950 -3906
-3930 -3894
-3921 -3874
-3890 -3846
-3862 -3817
-3829 -3791
-3802 -3752
-3759 -3709
-3713 -3667
-3667 -3615
-3609 -3558
-3550 -3503
-3492 -3444
-3429 -3369
-3353 -3297
-3276 -3228
-3205 -3149
-3121 -3070
-3038 -2978
-2943 -2891
-2855 -2795
-2755 -2689
-2648 -2592
-2545 -2491
-2445 -2389
-2332 -2266
-2214 -2157
-2100 -2034
-1978 -1912
-1848 -1796
-1737 -1673
-1606 -1547
-1476 -1406
-1341 -1283
-1211 -1147
-1075 -1018
-949 -883
-809 -742
-663 -605
-531 -467
-389 -322
-245 -181
-107 -47
29 89
172 234
308 366
442 506
584 647
721 775
845 904
978 1039
1113 1180
1246 1301
1373 1434
1501 1551
1615 1680
1744 1797
1862 1921
1975 2033
2096 2154
2206 2258
2310 2360
2410 2470
2522 2573
2616 2670
2713 2765
2807 2855
2889 2939
2972 3018
3049 3099
3124 3174
3199 3245
3269 3310
3324 3369
3386 3435
3444 3486
3490 3532
3538 3580
3583 3618
3615 3654
3651 3686
3676 3717
3700 3735
3721 3755
3740 3768
3742 3778
3757 3787
3762 3791
3759 3789
3751 3779
3749 3770
3729 3757
3719 3742
3699 3719
3675 3700
3651 3667
3611 3628
3580 3595
3541 3557
3505 3521
3462 3479
3426 3438
3376 3381
3319 3331
3270 3274
3218 3229
3163 3167
3108 3109
3044 3046
2986 2984
2916 2918
2854 2853
2791 2788
2725 2724
2665 2654
2591 2583
2525 2519
2460 2452
2392 2381
2322 2309
2259 2244
2188 2170
2121 2109
2056 2035
1986 1970
1923 1905
1861 1841
1796 1772
1732 1709
1671 1648
1611 1580
1551 1532
1498 1469
1443 1415
1391 1356
1330 1301
1281 1253
1238 1204
1187 1153
1142 1105
1097 1065
1058 1016
1012 975
977 942
942 899
901 861
875 836
843 805
815 770
789 740
753 713
733 689
712 668
695 644
666 623
655 609
638 582
612 570
604 552
589 546
588 531
569 525
564 511
549 496
541 493
531 477
521 474
523 467
513 460
500 446
497 445
489 432
479 425
467 419
468 413
459 406
446 397
442 390
428 373
414 356
395 345
386 334
371 325
366 309
337 288
323 271
304 252
281 227
252 204
236 189
210 155
178 132
152 102
122 71
85 41
55 5
18 -23
-15 -65
-57 -103
-98 -145
-144 -182
-183 -227
-229 -279
-281 -316
-323 -370
-381 -423
-433 -469
-483 -524
-539 -575
-592 -631
-653 -690
-712 -752
-773 -802
-829 -863
-889 -925
-953 -983
-1015 -1051
-1084 -1115
-1146 -1172
-1209 -1234
-1266 -1299
-1339 -1367
-1403 -1425
-1465 -1495
-1536 -1552
-1594 -1619
-1660 -1683
-1719 -1737
-1782 -1805
-1842 -1859
-1902 -1917
-1961 -1976
-2018 -2036
-2073 -2089
-2132 -2144
-2180 -2193
-2233 -2245
-2278 -2285
-2331 -2341
-2376 -2381
-2412 -2420
-2457 -2465
-2492 -2497
-2528 -2527
-2556 -2559
-2587 -2591
-2616 -2615
-2645 -2645
-2659 -2659
-2679 -2669
-2687 -2688
-2702 -2694
-2704 -2702
-2720 -2715
-2722 -2712
-2715 -2704
-2709 -2699
-2700 -2694
-2690 -2675
-2674 -2663
-2658 -2646
-2635 -2619
-2608 -2591
-2575 -2559
-2543 -2527
-2510 -2495
-2472 -2451
-2430 -2406
-2381 -2367
-2337 -2311
-2278 -2255
-2225 -2210
-2175 -2150
-2112 -2083
-2049 -2024
-1981 -1959
-1917 -1891
-1849 -1819
-1775 -1753
-1702 -1669
-1625 -1603
-1548 -1514
-1467 -1442
-1390 -1359
-1312 -1276
-1217 -1187
-1136 -1105
-1049 -1021
-965 -928
-874 -847
-791 -757
-704 -667
-613 -582
-529 -495
-440 -409
-355 -321
-268 -234
-184 -148
-96 -58
-12 37
68 102
144 178
229 261
307 343
380 419
461 489
525 560
593 634
667 695
725 760
791 824
852 892
914 943
964 999
1020 1052
1065 1100
1114 1148
1166 1192
1196 1236
1240 1269
1274 1307
1305 1339
1332 1360
1359 1389
1379 1406
1394 1426
1414 1444
1425 1455
1431 1461
1442 1467
1441 1473
1446 1471
1441 1471
1437 1459
1421 1447
1408 1435
1394 1418
1372 1400
1361 1382
1332 1356
1308 1326
1275 1299
1247 1267
1209 1229
1179 1199
1137 1156
1097 1114
1053 1070
1010 1026
962 981
926 940
873 890
820 833
773 787
719 729
666 681
618 626
562 574
507 515
454 461
394 403
341 347
288 296
236 243
179 185
130 134
73 76
18 21
-31 -28
-79 -75
-126 -124
-173 -179
-223 -221
-267 -267
-312 -312
-352 -357
-395 -396
-432 -439
-470 -474
-504 -512
-539 -543
-571 -575
-597 -605
-624 -639
-655 -660
-674 -679
-686 -700
-712 -717
-724 -735
-736 -749
-750 -767
-762 -771
-761 -770
-765 -778
-765 -782
-771 -789
-771 -782
-764 -783
-757 -770
-744 -758
-730 -746
-714 -737
-712 -727
-687 -700
-664 -680
-643 -668
-626 -640
-592 -617
-577 -590
-542 -568
-520 -534
-485 -503
-452 -476
-419 -440
-392 -412
-353 -367
-310 -339
-285 -300
-239 -258
-200 -226
-169 -191
-132 -153
-90 -105
-49 -69
-6 -27
32 12
70 43
101 80
141 120
179 165
222 202
262 241
297 271
325 309
361 343
398 372
422 410
460 441
495 474
518 497
546 533
578 559
597 579
622 608
650 624
659 649
687 668
701 690
717 702
734 717
744 727
750 731
759 751
774 759
776 767
785 774
784 763
777 770
780 767
781 776
778 765
771 766
768 754
750 742
742 738
732 721
720 718
708 699
692 686
672 667
653 649
636 632
614 611
594 596
579 574
551 550
529 529
503 500
477 479
450 450
422 428
401 401
371 374
343 346
314 318
289 294
256 259
231 237
204 212
176 185
152 157
121 129
92 104
68 72
37 46
7 23
-14 -2
-35 -30
-67 -53
-87 -74
-111 -96
-129 -118
-158 -145
-176 -156
-193 -185
-220 -205
-237 -221
-253 -235
-269 -255
-286 -269
-303 -282
-315 -301
-323 -304
-338 -321
-350 -328
-352 -338
-368 -349
-380 -360
-381 -360
-389 -369
-390 -372
-396 -375
-396 -375
-406 -384
-400 -383
-407 -378
-396 -376
-391 -372
-393 -374
-392 -366
-385 -361
-379 -363
-380 -359
-368 -343
-362 -343
-357 -334
-347 -326
-339 -313
-328 -309
-316 -296
-311 -285
-293 -269
-279 -262
-269 -249
-258 -232
-242 -227
-232 -211
-220 -194
-200 -179
-186 -168
-175 -160
-167 -147
-152 -132
-138 -116
-118 -95
-98 -97
-80 -63
-67 -54
-59 -42
-44 -29
-30 -8
-10 3
1 16
18 36
38 49
46 60
63 77
76 95
99 105
107 119
125 140
144 154
155 171
177 184
191 202
206 209
212 225
234 244
251 260
270 278
289 289
300 308
314 316
331 336
347 359
372 371
381 386
408 403
414 419
437 432
449 457
470 473
496 489
507 508
531 522
543 542
569 567
582 580
609 605
631 623
646 640
671 656
686 689
713 700
732 723
754 746
775 763
795 787
824 813
843 831
867 853
890 878
910 895
931 913
949 943
982 965
1003 985
1023 1001
1037 1022
1061 1042
1081 1060
1102 1092
1130 1107
1147 1127
1166 1140
1178 1162
1198 1177
1220 1197
1232 1212
1251 1227
1264 1243
1280 1250
1286 1266
1301 1282
1315 1289
1324 1295
1327 1300
1334 1313
1341 1306
1337 1318
1348 1325
1351 1322
1350 1319
1342 1313
1335 1310
1331 1306
1328 1296
1312 1289
1306 1276
1290 1263
1277 1243
1249 1226
1236 1207
1210 1177
1187 1158
1162 1134
1132 1104
1105 1075
1066 1038
1033 1004
992 964
958 923
909 886
870 842
826 798
774 744
721 691
669 645
618 584
556 530
499 472
439 414
374 343
307 281
245 219
176 151
110 82
38 13
-36 -63
-111 -134
-184 -208
-262 -291
-340 -363
-428 -441
-506 -532
-589 -608
-663 -684
-744 -767
-824 -847
-906 -924
-982 -1004
-1067 -1091
-1146 -1164
-1228 -1244
-1305 -1322
-1383 -1404
-1462 -1478
-1541 -1559
-1617 -1632
-1693 -1709
-1767 -1785
-1845 -1855
-1908 -1924
-1986 -2000
-2054 -2065
-2119 -2133
-2191 -2202
-2247 -2257
-2309 -2319
-2369 -2381
-2427 -2429
-2472 -2484
-2530 -2541
-2580 -2584
-2626 -2631
-2665 -2668
-2703 -2709
-2741 -2744
-2775 -2783
-2811 -2817
-2840 -2836
-2863 -2865
-2879 -2879
-2896 -2897
-2912 -2915
-2926 -2922
-2930 -2929
-2936 -2931
-2932 -2931
-2930 -2920
-2914 -2916
-2911 -2903
-2896 -2888
-2876 -2872
-2858 -2850
-2833 -2827
-2805 -2795
-2773 -2765
-2738 -2723
-2695 -2689
-2658 -2645
-2611 -2598
-2563 -2558
-2515 -2497
-2457 -2441
-2399 -2385
-2339 -2325
-2280 -2263
-2213 -2191
-2140 -2135
-2080 -2060
-2001 -1982
-1927 -1905
-1850 -1833
-1773 -1757
-1695 -1673
-1615 -1596
-1532 -1511
-1447 -1429
-1365 -1334
-1271 -1253
-1184 -1171
-1113 -1087
-1020 -994
-928 -904
-841 -817
-752 -722
-654 -637
-575 -552
-489 -461
-398 -372
-314 -285
-223 -198
-137 -115
-60 -30
24 49
108 138
186 210
262 297
345 364
410 439
484 514
560 587
625 656
695 722
759 786
814 842
876 906
935 963
984 1017
1042 1069
1090 1114
1127 1155
1170 1201
1214 1244
1249 1279
1285 1314
1321 1346
1342 1370
1369 1397
1389 1419
1409 1439
1430 1457
1443 1465
1448 1480
1461 1484
1463 1491
1462 1492
1466 1492
1466 1493
1459 1483
1420 1471
1409 1435
1403 1427
1382 1409
1368 1393
1354 1373
1328 1352
1309 1333
1287 1312
1265 1286
1237 1260
1209 1228
1174 1197
1151 1171
1119 1143
1093 1115
1063 1081
1027 1044
991 1009
959 976
919 937
885 906
856 874
824 836
787 805
754 769
721 741
695 706
662 679
632 645
603 615
571 586
547 557
519 537
501 505
469 481
447 463
433 438
406 419
395 402
376 388
365 369
350 359
340 351
333 336
325 336
324 326
316 321
317 318
312 316
311 320
326 328
327 333
339 333
343 349
359 360
367 370
387 388
399 395
414 418
441 437
459 457
478 474
504 505
526 523
552 545
572 574
612 606
637 631
662 655
693 693
724 724
763 749
784 781
819 810
847 845
889 875
909 903
941 939
978 967
1007 997
1033 1022
1067 1060
1093 1077
1116 1111
1151 1146
1178 1164
1199 1188
1222 1208
1243 1234
1264 1255
1288 1274
1300 1289
1318 1306
1332 1323
1347 1326
1349 1345
1368 1350
1368 1355
1373 1363
1378 1361
1374 1364
1376 1359
1370 1361
1367 1351
1356 1343
1347 1330
1331 1314
1312 1308
1305 1284
1280 1266
1257 1240
1232 1219
1208 1193
1180 1169
1152 1139
1124 1104
1081 1066
1048 1032
1007 992
970 960
930 910
884 872
844 830
793 775
746 728
697 682
643 636
597 578
541 529
494 476
431 417
376 359
326 316
273 257
221 207
165 151
111 93
54 40
-1 -6
-50 -68
-102 -115
-155 -170
-206 -221
-260 -273
-304 -313
-356 -369
-400 -414
-446 -462
-497 -509
-535 -549
-580 -588
-613 -627
-657 -673
-694 -707
-732 -741
-758 -773
-790 -799
-817 -830
-841 -851
-864 -877
-888 -903
-909 -918
-921 -928
-931 -945
-944 -958
-955 -965
-964 -975
-965 -980
-970 -975
-964 -975
-959 -973
-954 -965
-950 -963
-941 -946
-919 -928
-904 -915
-885 -894
-864 -878
-848 -858
-822 -836
-794 -792
-757 -771
-731 -740
-696 -711
-669 -676
-631 -642
-594 -600
-554 -564
-512 -521
-475 -482
-428 -442
-393 -401
-345 -354
-305 -313
-253 -263
-208 -216
-163 -170
-115 -128
-74 -88
-31 -30
21 8
62 57
109 92
150 149
197 185
237 227
275 267
317 313
358 348
398 384
425 424
467 456
500 488
524 518
555 547
583 577
613 600
628 623
654 646
667 652
677 672
694 684
701 696
713 702
717 711
720 713
720 707
713 703
702 694
690 686
687 675
668 663
651 640
630 618
600 594
574 564
545 539
517 507
481 475
447 438
404 394
355 349
319 305
263 259
214 203
164 160
113 102
53 42
-8 -15
-65 -75
-133 -136
-187 -196
-256 -264
-321 -331
-390 -398
-447 -445
-519 -525
-585 -591
-653 -664
-731 -734
-796 -810
-872 -874
-937 -943
-1009 -1018
-1077 -1082
-1149 -1159
-1225 -1229
-1290 -1298
-1357 -1364
-1428 -1431
-1490 -1497
-1560 -1567
-1625 -1632
-1691 -1694
-1749 -1758
-1813 -1815
-1869 -1872
-1924 -1929
-1979 -1989
-2034 -2036
-2086 -2090
-2134 -2136
-2178 -2183
-2220 -2222
-2259 -2262
-2298 -2303
-2334 -2338
-2373 -2374
-2400 -2399
-2423 -2426
-2445 -2450
-2471 -2469
-2485 -2488
-2500 -2501
-2518 -2519
-2526 -2521
-2527 -2530
-2531 -2534
-2534 -2530
-2528 -2524
-2517 -2512
-2505 -2507
-2497 -2498
-2485 -2481
-2465 -2464
-2441 -2435
-2417 -2411
-2385 -2377
-2350 -2357
-2329 -2322
-2289 -2281
-2247 -2236
-2200 -2196
-2159 -2152
-2109 -2103
-2067 -2061
-2014 -2006
-1961 -1953
-1904 -1891
-1846 -1838
-1785 -1776
-1725 -1715
-1662 -1652
-1596 -1585
-1532 -1520
-1464 -1448
-1392 -1376
-1319 -1318
-1264 -1247
-1185 -1170
-1113 -1094
-1035 -1025
-968 -950
-889 -875
-824 -809
-748 -730
-671 -655
-596 -575
-520 -506
-449 -431
-379 -356
-301 -283
-229 -210
-160 -139
-85 -60
-8 5
49 70
118 146
192 210
251 280
320 341
389 409
442 463
503 531
565 594
623 645
679 709
737 753
781 811
840 864
886 918
934 963
984 1012
1029 1054
1067 1092
1109 1141
1152 1178
1182 1214
1224 1256
1257 1281
1285 1319
1315 1341
1342 1375
1372 1401
1392 1426
1422 1450
1438 1466
1456 1489
1473 1504
1494 1527
1510 1542
1525 1556
1536 1567
1525 1575
1527 1564
1544 1573
1549 1582
1554 1586
1562 1593
1564 1595
1566 1596
1567 1604
1575 1603
1572 1605
1574 1601
1568 1602
1568 1597
1562 1594
1563 1595
1559 1593
1559 1584
1552 1583
1548 1582
1545 1571
1540 1571
1532 1562
1528 1557
1525 1554
1516 1542
1509 1536
1504 1535
1498 1523
1491 1517
1485 1512
1481 1509
1472 1498
1469 1491
1461 1491
1460 1481
1455 1479
1449 1472
1442 1468
1443 1463
1434 1452
1424 1445
1424 1449
1421 1438
1416 1435
1413 1426
1401 1425
1402 1418
1402 1416
1393 1413
1395 1408
1390 1401
1387 1402
1382 1399
1383 1393
1379 1387
1369 1382
1373 1385
1370 1374
1362 1372
1357 1363
1355 1364
1351 1355
1348 1351
1339 1347
1341 1343
1332 1336
1330 1330
1323 1325
1317 1315
1311 1307
1300 1296
1293 1296
1293 1289
1286 1280
1273 1261
1262 1262
1256 1245
1244 1235
1233 1225
1223 1212
1209 1200
1204 1186
1183 1177
1177 1160
1162 1146
1147 1132
1131 1112
1117 1104
1103 1079
1085 1071
1073 1051
1053 1029
1035 1014
1016 990
993 973
981 958
962 939
947 919
923 890
894 868
877 845
854 831
841 808
814 785
799 766
771 733
746 714
722 691
705 671
683 645
662 627
637 594
609 571
586 556
570 525
540 506
526 480
496 458
477 432
453 415
429 386
410 363
386 347
370 323
345 301
326 277
298 258
277 229
256 209
240 197
221 173
199 154
184 139
161 117
148 100
130 79
105 58
91 41
75 38
67 14
45 0
31 -20
11 -37
-4 -54
-22 -66
-33 -79
-47 -99
-66 -114
-83 -132
-101 -148
-115 -159
-126 -173
-140 -186
-155 -204
-175 -223
-192 -241
-209 -249
-223 -267
-234 -286
-263 -304
-275 -322
-295 -342
-314 -355
-329 -374
-351 -391
-366 -413
-397 -438
-414 -454
-439 -476
-456 -502
-486 -525
-508 -544
-530 -571
-560 -600
-592 -623
-612 -649
-642 -682
-676 -713
-709 -740
-738 -772
-772 -805
-807 -838
-839 -869
-876 -905
-910 -942
-952 -983
-993 -1014
-1029 -1052
-1066 -1100
-1119 -1144
-1159 -1179
-1201 -1228
-1248 -1269
-1296 -1309
-1333 -1356
-1383 -1405
-1436 -1453
-1483 -1499
-1531 -1545
-1580 -1598
-1632 -1643
-1679 -1694
-1738 -1745
-1783 -1796
-1839 -1850
-1894 -1897
-1937 -1947
-1993 -1998
-2044 -2049
-2097 -2098
-2148 -2155
-2206 -2204
-2251 -2250
-2301 -2298
-2351 -2352
-2399 -2397
-2453 -2446
-2496 -2491
-2540 -2532
-2587 -2579
-2633 -2623
-2669 -2660
-2716 -2705
-2757 -2746
-2794 -2779
-2829 -2814
-2867 -2850
-2898 -2881
-2926 -2907
-2958 -2942
-2984 -2962
-3008 -2989
-3034 -3009
-3049 -3025
-3065 -3039
-3082 -3058
-3093 -3068
-3103 -3075
-3109 -3081
-3110 -3080
-3111 -3075
-3106 -3080
-3102 -3066
-3094 -3067
-3087 -3047
-3062 -3031
-3051 -3012
-3028 -2993
-3006 -2969
-2977 -2935
-2946 -2912
-2913 -2870
-2874 -2833
-2831 -2788
-2787 -2748
-2743 -2700
-2696 -2650
-2640 -2597
-2581 -2534
-2520 -2476
-2457 -2412
-2396 -2353
-2330 -2282
-2259 -2206
-2179 -2132
-2105 -2056
-2023 -1981
-1947 -1891
-1859 -1814
-1776 -1723
-1684 -1630
-1589 -1541
-1503 -1452
-1405 -1357
-1313 -1257
-1210 -1160
-1112 -1060
-1010 -954
-903 -855
-808 -753
-697 -650
-598 -544
-490 -435
-381 -327
-272 -221
-169 -122
-64 -5
51 102
157 210
263 316
374 423
476 527
581 631
684 740
792 840
894 947
997 1038
1087 1144
1192 1242
1290 1338
1380 1426
1472 1524
1568 1610
1650 1695
1734 1786
1825 1873
1906 1947
1986 2032
2064 2107
2130 2173
2203 2243
2270 2314
2334 2379
2401 2441
2463 2497
2506 2544
2560 2601
2613 2650
2658 2695
2703 2742
2747 2782
2786 2814
2807 2841
2839 2873
2868 2902
2891 2917
2908 2940
2930 2954
2937 2965
2950 2975
2955 2983
2958 2983
2963 2988
2963 2978
2950 2969
2938 2961
2935 2954
2915 2934
2903 2920
2885 2896
2854 2870
2838 2852
2812 2825
2784 2796
2751 2760
2721 2728
2682 2689
2650 2657
2612 2620
2578 2581
2535 2540
2495 2493
2445 2448
2406 2404
2357 2354
2311 2311
2267 2263
2218 2213
2172 2166
2124 2120
2079 2069
2028 2014
1974 1967
1928 1917
1883 1872
1835 1818
1784 1773
1739 1723
1693 1675
1645 1625
1599 1581
1552 1535
1511 1486
1465 1447
1422 1400
1383 1356
1338 1316
1301 1271
1258 1239
1231 1202
1193 1166
1156 1126
1125 1094
1066 1022
1036 1006
1003 975
984 949
954 925
932 895
906 876
885 847
858 820
837 807
822 783
802 767
790 749
767 732
755 715
739 700
724 686
711 667
703 669
692 646
676 637
673 630
657 615
646 604
637 593
630 593
624 580
617 572
601 556
591 549
582 541
575 527
562 522
557 513
542 499
532 488
523 479
506 464
494 446
477 436
464 422
446 409
439 388
407 367
390 349
371 327
349 305
320 280
300 261
274 228
241 202
214 178
188 142
153 119
123 81
83 46
49 10
10 -32
-35 -69
-70 -104
-113 -150
-157 -197
-206 -236
-247 -284
-298 -334
-349 -380
-397 -426
-444 -477
-499 -533
-556 -584
-609 -639
-659 -693
-723 -746
-772 -801
-832 -857
-887 -914
-950 -976
-1006 -1031
-1067 -1089
-1122 -1141
-1177 -1202
-1235 -1256
-1301 -1321
-1355 -1376
-1414 -1428
-1469 -1490
-1527 -1543
-1581 -1599
-1637 -1651
-1694 -1712
-1746 -1753
-1794 -1806
-1841 -1855
-1892 -1901
-1937 -1951
-1986 -1995
-2031 -2035
-2072 -2079
-2109 -2114
-2143 -2151
-2186 -2191
-2216 -2219
-2246 -2245
-2275 -2276
-2298 -2303
-2322 -2324
-2347 -2342
-2358 -2360
-2377 -2369
-2383 -2382
-2398 -2393
-2401 -2397
-2407 -2403
-2407 -2396
-2398 -2388
-2390 -2385
-2384 -2377
-2375 -2361
-2357 -2352
-2343 -2329
-2317 -2302
-2290 -2275
-2261 -2247
-2227 -2219
-2204 -2188
-2163 -2147
-2123 -2109
-2084 -2059
-2014 -2013
-1966 -1949
-1917 -1899
-1869 -1849
-1811 -1793
-1755 -1729
-1691 -1673
-1633 -1612
-1568 -1543
-1502 -1481
-1434 -1412
-1366 -1343
-1296 -1267
-1219 -1198
-1147 -1120
-1072 -1048
-995 -970
-920 -888
-833 -810
-760 -730
-675 -652
-598 -571
-520 -492
-438 -406
-356 -326
-270 -246
-196 -168
-116 -89
-43 -13
41 73
119 143
191 226
273 296
344 377
417 445
486 519
563 594
628 654
692 723
760 786
820 848
876 905
935 967
992 1021
1043 1067
1091 1119
1140 1167
1183 1216
1231 1255
1264 1292
1300 1329
1337 1359
1360 1392
1394 1418
1417 1443
1437 1460
1453 1479
1469 1496
1482 1502
1485 1512
1498 1519
1495 1520
1496 1513
1490 1517
1487 1509
1476 1495
1461 1484
1451 1468
1427 1448
1407 1422
1380 1400
1355 1373
1325 1345
1301 1315
1262 1277
1225 1243
1190 1202
1150 1169
1111 1122
1068 1081
1021 1033
974 986
925 938
877 884
820 828
768 781
720 729
664 671
612 619
552 560
500 504
442 445
386 394
330 332
275 283
223 221
160 164
108 109
54 51
-5 -2
-56 -56
-107 -108
-159 -165
-213 -215
-263 -265
-310 -311
-353 -362
-401 -401
-440 -449
-483 -485
-521 -533
-566 -569
-597 -605
-631 -643
-667 -676
-698 -708
-726 -731
-749 -764
-777 -783
-793 -805
-813 -829
-832 -845
-850 -863
-863 -872
-874 -886
-878 -894
-886 -902
-891 -909
-874 -923
-875 -888
-871 -882
-863 -878
-854 -871
-844 -866
-838 -850
-822 -838
-803 -827
-797 -811
-772 -788
-753 -769
-728 -751
-711 -725
-679 -698
-657 -677
-628 -648
-601 -623
-575 -591
-542 -564
-511 -526
-477 -496
-441 -459
-403 -430
-381 -398
-339 -354
-299 -320
-268 -286
-232 -251
-193 -218
-168 -182
-123 -145
-88 -103
-50 -68
-15 -32
23 -1
50 29
82 70
122 102
152 138
189 172
219 201
245 226
275 257
300 288
327 312
359 345
385 363
400 390
427 411
444 429
460 449
480 467
500 486
511 497
523 516
542 528
545 531
552 547
566 548
563 560
574 560
573 571
579 570
578 568
572 567
573 561
562 560
559 553
553 550
544 538
533 526
516 514
508 502
488 491
480 478
462 463
449 448
428 420
406 410
386 389
370 373
348 349
327 334
306 302
275 281
257 264
233 237
212 218
186 192
162 168
137 143
112 121
86 93
63 70
37 52
17 21
-13 1
-31 -18
-55 -47
-79 -64
-98 -89
-123 -109
-143 -131
-165 -151
-186 -172
-202 -185
-219 -205
-237 -222
-254 -242
-276 -255
-287 -270
-297 -281
-314 -294
-323 -304
-330 -314
-343 -326
-357 -335
-359 -340
-366 -349
-375 -356
-376 -352
-379 -361
-385 -366
-389 -367
-388 -366
-390 -371
-385 -363
-387 -363
-381 -359
-378 -360
-375 -354
-369 -344
-361 -340
-350 -329
-345 -326
-338 -313
-322 -300
-311 -291
-307 -286
-292 -266
-276 -260
-268 -246
-254 -233
-238 -217
-226 -201
-206 -186
-192 -166
-169 -153
-155 -133
-140 -120
-123 -99
-99 -78
-81 -65
-69 -51
-48 -26
-30 -11
-11 11
11 26
28 52
51 63
66 85
84 99
104 127
128 147
148 159
162 182
184 196
202 217
221 237
240 255
261 276
278 289
295 306
311 324
330 345
350 359
366 378
384 397
403 408
415 425
434 445
453 462
469 475
486 491
496 506
518 520
528 540
553 553
563 571
584 583
591 596
611 613
624 623
638 646
660 656
669 669
686 683
693 693
713 713
727 725
742 739
755 749
772 769
784 774
797 791
809 812
831 820
840 833
858 846
868 862
883 867
891 889
907 899
927 912
935 922
945 929
957 946
972 961
984 970
1000 986
1010 993
1019 1005
1032 1011
1041 1029
1056 1038
1065 1045
1075 1056
1081 1062
1090 1072
1102 1081
1105 1085
1115 1093
1118 1101
1129 1102
1129 1107
1134 1118
1143 1117
1142 1116
1142 1118
1140 1117
1142 1116
1142 1119
1138 1116
1140 1113
1135 1106
1120 1095
1118 1093
1112 1090
1108 1076
1090 1066
1082 1054
1063 1036
1050 1018
1029 1002
1013 992
979 966
954 927
931 904
906 881
886 852
851 829
831 803
799 772
772 740
732 703
699 674
660 635
625 596
585 557
543 517
504 475
459 430
413 390
369 341
318 290
268 243
222 196
168 139
113 89
61 35
4 -18
-51 -79
-109 -133
-169 -195
-230 -252
-285 -311
-351 -375
-414 -437
-473 -494
-536 -559
-600 -624
-664 -686
-726 -746
-792 -812
-853 -871
-917 -940
-985 -1002
-1043 -1065
-1110 -1130
-1176 -1190
-1231 -1252
-1298 -1313
-1357 -1373
-1415 -1430
-1474 -1491
-1536 -1554
-1594 -1606
-1649 -1663
-1706 -1719
-1755 -1767
-1809 -1820
-1857 -1870
-1907 -1921
-1959 -1964
-1999 -2014
-2045 -2052
-2086 -2096
-2127 -2130
-2156 -2167
-2197 -2206
-2234 -2236
-2260 -2267
-2286 -2290
-2317 -2323
-2339 -2339
-2357 -2361
-2375 -2380
-2395 -2396
-2405 -2408
-2421 -2418
-2421 -2423
-2427 -2422
-2429 -2430
-2431 -2435
-2432 -2425
-2422 -2418
-2412 -2405
-2396 -2393
-2383 -2374
-2364 -2362
-2348 -2345
-2329 -2319
-2304 -2294
-2273 -2262
-2237 -2231
-2210 -2203
-2175 -2164
-2139 -2130
-2102 -2088
-2057 -2049
-2016 -1996
-1960 -1953
-1920 -1906
-1871 -1855
-1815 -1801
-1762 -1744
-1705 -1695
-1653 -1634
-1592 -1577
-1532 -1513
-1470 -1454
-1411 -1392
-1348 -1329
-1282 -1269
-1227 -1206
-1154 -1131
-1087 -1065
-1017 -998
-954 -932
-884 -867
-824 -803
-758 -734
-685 -659
-616 -592
-547 -528
-485 -468
-425 -396
-355 -331
-290 -266
-229 -206
-166 -135
-100 -77
-41 -24
-3 45
67 90
120 147
173 198
227 256
283 304
326 353
375 401
423 451
468 495
514 541
554 575
584 615
628 653
664 691
695 722
728 758
764 784
778 804
804 835
835 860
851 878
874 902
895 918
903 930
917 943
929 953
935 964
947 972
954 976
953 979
957 981
956 983
956 979
954 981
953 975
944 967
938 962
931 954
919 942
909 935
902 919
884 908
874 896
862 884
848 869
831 851
817 836
799 818
783 804
767 788
752 771
737 759
719 728
698 720
684 702
670 686
651 671
641 653
622 639
